x,y,z,r,p,y,w
0.019271240234375,0.07785588757745152,-0.4,0.0,0.0,0.7017027487116549,0.7124698256421167
0.009443548794450432,0.062075195312500005,-0.4,0.0,0.0,-0.7066884519108099,0.7075248631220694
0.010812420022898709,0.046457182785560346,-0.4,0.0,0.0,0.6968391699926825,0.7172274194172372
0.009270398370150862,0.030562744140625004,-0.4,0.0,0.0,0.687728787455654,0.7259677092714082
0.016896551724137933,0.014827586206896554,-0.4,0.0,0.0,-0.7021800324814074,0.7119994395955729
0.02242576862203664,-0.001034398572198276,-0.4,0.0,0.0,0.7016148512798382,0.7125563840592338
0.01916998501481681,-0.017300204573006468,-0.4,0.0,0.0,0.6955761944770797,0.7184523350068421
0.009310323780980604,-0.03310344827586207,-0.4,0.0,0.0,-0.6859044137656896,0.727691648417615
0.009310323780980604,-0.03310344827586207,-0.4,0.0,0.0,-0.6859044137656896,0.727691648417615
0.008830861058728448,-0.06447423474542026,-0.4,0.0,0.0,0.6940294766528429,0.719946585197111
0.08217320935479526,-0.0020041209253771554,-0.4,0.0,0.0,-0.7062072270715702,0.708005192376358
0.08671228869207975,-0.0017273159684806035,-0.4,0.0,0.0,0.6915307865412967,0.7223469881335254
0.03413793103448276,-0.001724137931034483,-0.4,0.0,0.0,0.7043809082772852,0.7098221862230475
0.05468127020474138,-0.001383940598060345,-0.4,0.0,0.0,0.6999442021038857,0.7141975314583178
0.03840694032866379,-0.001036229626885776,-0.4,0.0,0.0,0.7003731444656212,0.7137768968741831
0.022372415476831897,-0.001034777411099138,-0.4,0.0,0.0,-0.7060294252615593,0.7081824981350727
0.006480460331357759,-0.0010372714338631466,-0.4,0.0,0.0,0.7032874441374849,0.7109055991610729
-0.034827586206896556,-0.0010344827586206897,-0.4,0.0,0.0,-0.7042753294344704,0.7099269401494552
-0.05206896551724138,-0.0010344827586206897,-0.4,0.0,0.0,-0.7024569142168904,0.7117262701831965
-0.06793103448275863,-0.0010344827586206897,-0.4,0.0,0.0,-0.6987903327072333,0.7153265484482693
0.07743557634024785,0.07697861243938578,-0.4,0.0,0.0,-0.7002983163125417,0.7138503121592225
0.07212734880118535,0.0614220770474138,-0.4,0.0,0.0,0.6244511867818616,0.7810638356285129
0.046896530677532335,0.04620691759832975,-0.4,0.0,0.0,0.6795627059731592,0.7336174266267382
0.05471911200161638,0.030652213261045263,-0.4,0.0,0.0,0.6943221433906246,0.7196643392564682
0.01573328478582974,0.014260232859644397,-0.4,0.0,0.0,0.6775272461313371,0.7354976755569568
0.022416129276670263,-0.0010344617120150864,-0.4,0.0,0.0,0.6993112356345704,0.7148173163230241
-0.006896551724137932,-0.01724137931034483,-0.4,0.0,0.0,-0.6914737343852757,0.7224016020575268
-0.02428399447737069,-0.03309191473599138,-0.4,0.0,0.0,0.6951766814620866,0.7188389121015645
-0.048275862068965524,-0.04896551724137932,-0.4,0.0,0.0,-0.7006077152376937,0.7135466553417644
-0.06862068965517241,-0.06482758620689656,-0.4,0.0,0.0,-0.7039045946886315,0.7102945315685834
-0.09413793103448276,0.1603448275862069,-0.4,0.0,0.0,-0.6625096537739228,0.7490533750383593
0.06413793103448276,-0.06586206896551726,-0.4,0.0,0.0,-0.7005778803076903,0.7135759480416808
0.049310344827586214,-0.04965517241379311,-0.4,0.0,0.0,-0.679157770095209,0.7339923182972036
0.03206896551724138,-0.033793103448275866,-0.4,0.0,0.0,-0.6904551397345452,0.7233752138511172
0.03837233970905173,-0.01730052027209052,-0.4,0.0,0.0,-0.704917515691202,0.7092892894100009
0.022443679283405175,-0.0010342512459590519,-0.4,0.0,0.0,0.690435764063959,0.7233937072586525
0.000785753973599138,0.014782746413658407,-0.4,0.0,0.0,0.7047941433670305,0.7094118799932333
-0.009655172413793104,0.030689655172413795,-0.4,0.0,0.0,-0.70574211288332,0.7084688208404003
-0.03827586206896552,0.04655172413793104,-0.4,0.0,0.0,0.7026621659127987,0.7115236331948044
-0.053103448275862074,0.06206896551724138,-0.4,0.0,0.0,-0.6828415369613466,0.7305665167527635
