x,y,z,r,p,y,w
-0.1124168886275467,-0.3374723489482939,-0.1791131996176076,-0.00263823828071884,-0.0029774414352167784,-0.7030797103382258,-0.7110999194571676
-0.12196794345747827,-0.33829547050215814,-0.17902925497103564,0.0028398291372252436,-0.002550115844038251,0.7052333574413117,-0.7089649806807868
-0.12034413227583801,-0.33907195525188494,-0.17901699907682703,-0.0023072332780660204,-0.002844540399908552,-0.698317327839232,-0.715778942763748
-0.12164588982363422,-0.33994517316028394,-0.17906263395747624,-0.002228375725626312,-0.0027440690553675166,-0.6892816987389254,-0.7244848129603719
-0.11384085964869553,-0.3406538460231686,-0.1791108792511917,0.0026088337641509453,-0.0022559927466534032,0.7006322955110889,-0.7135141841407088
-0.10810483476966129,-0.3414773187331879,-0.17919431333278288,-0.0021907673737295444,-0.00254143669122841,-0.7031907252933457,-0.7109933512342274
-0.11114684896970803,-0.342755853341583,-0.17914679488697346,-0.0020766692176152103,-0.002486898907441381,-0.6971775460336839,-0.716891185665743
-0.12092786315994403,-0.34360601925169243,-0.17908103875123269,0.002385262370186361,-0.0022129494243615824,0.6842595725434633,-0.729231273850009
-0.12084145055717174,-0.32855366298700195,-0.17913925238494513,0.002304318774521576,-0.0022195304622284777,0.6842355927187393,-0.729254014357376
-0.12115212266352365,-0.34491954105662737,-0.17914965767732371,-0.00209742919102057,-0.0023782138711471276,-0.6956515439520303,-0.7183723785661091
-0.12367283685361427,-0.3414262240582858,-0.17963598392415714,0.0020715813896337787,-0.0029564743966421286,0.7047459815975756,-0.7094505403703333
-0.10401493791479649,-0.34130746880854246,-0.1796463524217293,-0.0027296236809916945,-0.0022266797395122696,-0.6930598221677265,-0.7208714683969236
-0.14157979590322814,-0.34172827395837746,-0.17926157575547033,-0.002631164193393493,-0.0023332610711961663,-0.7059437856622128,-0.7082591364413627
-0.1059443669339368,-0.34151665679536425,-0.1793767485497625,-0.0024123913966623625,-0.0024460328412273936,-0.701496032987318,-0.7126650777147313
-0.10715267764108946,-0.34125647479226906,-0.1792910660274038,-0.002345724192266322,-0.002464276287591939,-0.701972154963531,-0.7121962640847304
-0.1081252446076196,-0.34145508818040105,-0.1791917527001573,0.002507263676242101,-0.0022280928605827267,0.704431003348268,-0.7097645459959346
-0.10897785043351554,-0.34173475589269253,-0.17902841188249624,-0.002018175603753603,-0.0026638749870404464,-0.7048773789725771,-0.7093213033245489
-0.13527510774507528,-0.3420416310325305,-0.17873939069083994,0.0027367399988964137,-0.0018794580021189175,0.7027201899515976,-0.71145858103349
-0.137452476198538,-0.3420495527040225,-0.17874840081589316,0.0026694710945104694,-0.0019010510008917088,0.7008690336015914,-0.7132824529368
-0.13821484057741967,-0.3423728260163911,-0.17856722182848575,0.002819538653007873,-0.0016643280455027535,0.6971603938755574,-0.7169077105354772
-0.12966751569494253,-0.3373948761618206,-0.17950012750441185,0.00263697722488968,-0.003503807336920555,0.6991372628127408,-0.7149740257044097
-0.11960071971394803,-0.33808993306510937,-0.1794938257005221,-0.0028950018175702696,-0.0028866246497349416,-0.6258747793401116,-0.779912845738916
-0.12948133463426464,-0.33863479725163204,-0.17929821760188297,-0.0027708128812564048,-0.0026426940485235677,-0.6809990506571577,-0.7322742872504759
-0.10630481474507664,-0.33928917755527643,-0.17939989007121765,-0.0026139642232161533,-0.0025109016837023173,-0.6958354628778258,-0.7181920851453154
-0.13000565596901834,-0.34103568149869623,-0.17914444991347714,-0.002314407210716452,-0.00257613034451603,-0.6791327921604565,-0.7340072599668578
-0.10809514392104233,-0.3414962160901621,-0.17916986224345927,-0.002167748508759879,-0.002565242716431386,-0.7009214002182873,-0.7132306156582487
-0.12216900997118207,-0.34285512106521565,-0.1790161355048223,0.0024508134428110344,-0.002136920504847063,0.689811090925388,-0.723982103315097
-0.1243939110117826,-0.3439741287952822,-0.17887414344737151,-0.0018377492029320022,-0.0026356931493560875,-0.6968272950170022,-0.7172317594186535
-0.13321668113901033,-0.3450937445281592,-0.17870313269318036,0.002662454906116818,-0.0017206496207528197,0.6989795564064709,-0.7151346239866794
-0.13843283197141829,-0.3463563030989635,-0.17845564369153966,0.0028862320126456583,-0.001428094580577945,0.7022840664308699,-0.7118895421678565
-0.3001309788179874,-0.10488468550210156,-0.1783076770827085,0.001517026303599199,-0.0028154720680320317,0.6608337780667066,-0.7505254755931416
-0.12591695484110532,-0.34552404130346404,-0.17959224247582212,0.0018638534306761366,-0.002683944129241777,0.6989369965211599,-0.715175780761821
-0.12580402871077123,-0.34446464186547276,-0.17947902850717187,0.0018914002295351592,-0.00263084013638242,0.6774649698251608,-0.7355479018698527
-0.12816559470337027,-0.3438592378688803,-0.17930964180130896,0.0021219711990081106,-0.002472756492749319,0.6888113183383889,-0.7249333420684189
-0.10699065523102153,-0.3424541901169619,-0.1793352466464723,0.0023085539257258494,-0.002351241877391343,0.703304850001101,-0.7108807426040851
-0.10808424603457295,-0.3414404689303274,-0.17921918132176293,-0.0022000311038051653,-0.0025599720185831803,-0.6920711728125343,-0.7218213755274154
-0.11484881717861053,-0.34079272969062113,-0.17904273121134787,-0.002159652747912846,-0.0026192017679027187,-0.7063677189973943,-0.7078369312493701
-0.11044153237454418,-0.34008977577202004,-0.17894938135532448,0.002774944902630481,-0.0020655450238573105,0.7041979907467278,-0.7099952274718567
-0.12426757185984225,-0.33950458824805907,-0.17872444002903928,-0.001984337345597949,-0.0030041275778569044,-0.7041958455460885,-0.7099966540332596
-0.12428465733053501,-0.33914528915004516,-0.17862861182258297,0.0030645636683053314,-0.0020626060338234573,0.6812936056329367,-0.7320009405933466
