x,y,z,r,p,y,w
0.5407823489482703,-0.11241688862761771,0.04666350038239239,0.0002398528507449422,-0.003970885208109846,-0.9999760060442034,-0.005671144254643212
0.5416054705021325,-0.12196794345754956,0.04674744502896436,0.0038112666464738374,0.0002048582342120079,-0.002638656097360914,-0.9999892348288822
0.5423819552518596,-0.12034413227590945,0.04675970092317297,0.0003799335094342971,-0.0036428541028342212,-0.9999170621939729,-0.012347226323698779
0.5432551731602584,-0.1216458898237058,0.04671406604252376,0.0003646502504723059,-0.003516049423716432,-0.9996838874370211,-0.024892360784974588
0.5439638460231446,-0.11384085964876726,0.04666582074880829,0.003439951815085872,0.0002494962761529112,-0.009108870804388824,-0.999952565352871
0.5447873187331651,-0.10810483476973316,0.04658238666721712,0.00024796065235715395,-0.003346173584290341,-0.9999791503586819,-0.005517289713964757
0.5460658533415595,-0.11114684896978018,0.04662990511302653,0.0002900761955197996,-0.003226929967634325,-0.999897589248524,-0.01393964826580213
0.546916019251667,-0.12092786316001643,0.04669566124876731,0.0032514267412568276,0.0001218436524785889,-0.03179979495524915,-0.9994889626299402
0.5318636629869765,-0.1208414505572409,0.04663744761505487,0.003198844472371556,5.995439058747586e-05,-0.03183283121888991,-0.9994880863002331
0.5482295410566018,-0.12115212266359629,0.04662704232267628,0.00019854475137045169,-0.0031647575594293247,-0.9998659043725759,-0.016066056229938397
0.5447362240582598,-0.1236728368536862,0.04614071607584286,0.0035553723426598864,-0.000625713845880534,-0.003326625410602302,-0.9999879506139391
0.5446174688085206,-0.10401493791486839,0.0461303475782707,-0.0003556350715771604,-0.0035046357582563963,-0.9998004036901087,-0.019665803644731805
0.5450382739583476,-0.14157979590330008,0.046515124244529665,-0.00021064931784274413,-0.0035103787692851466,-0.999992476193269,-0.001637200236867753
0.5448266567953419,-0.10594436693400872,0.04639995145023751,2.3788093580483054e-05,-0.0034354247244929334,-0.9999629110677182,-0.007897707266235121
0.5445664747922465,-0.10715267764116135,0.046485633972596196,8.382899052825944e-05,-0.0034011839568183332,-0.9999680788488841,-0.0072295368912965174
0.5447650881803783,-0.10812524460769149,0.046584947299842694,0.003348402718524902,0.00019740357686177088,-0.0037713841738074017,-0.9999872628651209
0.5450447558926697,-0.1089778504335875,0.046748288117503756,0.00045657841252974996,-0.0033107097226090015,-0.9999894781973773,-0.003142329044464598
0.545351631032502,-0.13527510774514723,0.04703730930916006,0.0032641449098177898,0.0006061899133101682,-0.006178975590560909,-0.9999753987736137
0.5453595527039935,-0.13745247619861004,0.047028299184106837,0.003231847167221886,0.0005433550589974872,-0.008777612989533001,-0.9999561057563342
0.545682826016362,-0.13821484057749184,0.047209478171514246,0.003170572548453487,0.0008168572542651671,-0.013963461520362153,-0.999897145688651
0.5407048761617933,-0.12966751569501356,0.04627657249558814,0.004342190405461615,-0.0006129414503541831,-0.011198282432637263,-0.9999276814629248
0.5413999330650843,-0.11960071971401925,0.04628287429947789,-5.923552183928482e-06,-0.004088227281319137,-0.9940419626015007,-0.10892136131156288
0.5419447972516048,-0.12948133463433598,0.04647848239811703,-9.059369542349736e-05,-0.003827927460047776,-0.9993351609046309,-0.0362570675021851
0.5425991775552541,-0.10630481474514804,0.04637680992878235,-7.287622057692146e-05,-0.003623827435453789,-0.999868467991748,-0.015808519209873362
0.5443456814986689,-0.13000565596909014,0.04663225008652286,0.0001850662027027114,-0.0034581322689523873,-0.9992409136255311,-0.038802108300014404
0.5448062160901395,-0.10809514392111425,0.04660683775654073,0.00028107084972654414,-0.003346730190629199,-0.9999564800549239,-0.008703929708788138
0.54616512106519,-0.12216900997125427,0.04676056449517771,0.003244017784668794,0.00022195582500055076,-0.024162554580667572,-0.9997027548428392
0.547284128795256,-0.12439391101185505,0.04690255655262848,0.0005642315755228929,-0.003163201422550068,-0.999890746389688,-0.014428135144992416
0.5484037445281311,-0.13321668113908297,0.047073567306819636,0.0030993229335990447,0.0006659569038378885,-0.011423357836387038,-0.9999297263280544
0.5496663030989344,-0.13843283197149125,0.04732105630846034,0.003050689590321974,0.0010310588661166973,-0.006792097030040745,-0.9999717484152106
0.3081946855020383,-0.3001309788180095,0.04746902291729149,0.0030635389780600216,-0.0009181398050337286,-0.06342160753696985,-0.9979816989532702
0.5488340413034376,-0.12591695484117804,0.04618445752417788,0.00321577849408153,-0.0005798916941441158,-0.01148255445469143,-0.999928734179339
0.5477746418654462,-0.12580402871084378,0.046297671492828124,0.0031977068288957995,-0.0005228629724119839,-0.0410708351198939,-0.9991509834794254
0.5471692378688533,-0.1281655947034427,0.04646705819869104,0.0032489631085472655,-0.0002480426599452657,-0.02554212792958027,-0.9996684362399293
0.5457641901169393,-0.10699065523109365,0.0464414533535277,0.003294973211328778,-3.0184940097980955e-05,-0.005356965033005812,-0.9999802223874439
0.5447504689303047,-0.10808424603464485,0.04655751867823707,0.0002545166616656695,-0.0033658304863099656,-0.9997730088003047,-0.02103657008147214
0.5441027296905969,-0.11484881717868228,0.04673396878865213,0.0003249502283221154,-0.0033791604344371754,-0.9999936981750366,-0.0010388899464797707
0.5433997757719968,-0.11044153237461579,0.046827318644675514,0.003422743251284743,0.0005016214648530634,-0.004099265400377028,-0.9999856145103885
0.5428145882480329,-0.12426757185991374,0.047052259970960714,0.0007211005886177402,-0.0035273773750862346,-0.9999851063557104,-0.004101791017748491
0.542455289150019,-0.12428465733060644,0.04714808817741703,0.0036254564646695524,0.0007084910378033836,-0.03585550040629831,-0.9993501574505733
