x,y,z,r,p,y,w
-0.12296545365216222,-0.35114955766788936,-0.17905176993322316,-0.0004597800938388843,-0.00390892421483225,-0.14990065565185118,-0.9886932296465334
-0.12270932752171934,-0.3512743349341285,-0.17909344366408866,-0.0014056124130086278,-0.0035330366584909153,-0.38504900483166393,-0.9228882953986686
-0.12325073175005671,-0.345063587126867,-0.17904268178780536,-0.0005789707644171392,-0.003652620696758429,-0.21040022357234134,-0.977608341349238
-0.12261558646592466,-0.3452410302977701,-0.17906492259889661,-0.0009962641676370817,-0.003400835253383658,-0.3357839889531483,-0.9419323513607545
-0.12245272333963436,-0.3457371090895708,-0.17912102648012543,-0.0010414174928749876,-0.003294745556994035,-0.3426528254256502,-0.9394557474033243
-0.12222503231005016,-0.352794053249916,-0.1791053404713189,-0.0013605706762898125,-0.0030759729164419975,-0.4421646663676169,-0.8969275862933789
-0.12239779502656406,-0.3463756553092493,-0.17915355563283236,-0.00081567150281839,-0.0031658922757912852,-0.27337402418511814,-0.9619022583957957
-0.1225563085532799,-0.34625969905584986,-0.17913937532600124,-0.000280204995049772,-0.003208417235809101,-0.1165767429685583,-0.9931764649561747
-0.12243823770631915,-0.3471034384759438,-0.17915075098086494,-0.00036766880371880595,-0.0031451107160606964,-0.14782534786237783,-0.9890084123138698
-0.12196775255608194,-0.35383516080226896,-0.1791769540092574,-0.0018856707951186626,-0.002550946560449084,-0.6130051140187573,-0.79007257078331
-0.12052840873741447,-0.3367389145299241,-0.17970608448687417,-0.000939123643554329,-0.0034557223891249393,-0.06279702395576081,-0.9980198944970238
-0.1054831444518961,-0.3369111271004904,-0.17968101508834686,-0.0007389741498863274,-0.003479719320277231,-0.06289219678477903,-0.9980139864021156
-0.11945220422919017,-0.3456106277741744,-0.1794858442489173,0.00032892517173716126,-0.003469829848831697,0.19833076460719623,-0.9801289506485237
-0.12140259036174678,-0.34556261551926737,-0.17934891642537804,0.0019973486179989865,-0.0028407012068513084,0.6170683301748288,-0.7869019106028395
-0.12177926772398609,-0.34533858077661495,-0.1792442534236696,0.001499688110617456,-0.003046909179638413,0.4524530953908499,-0.8917817354887124
-0.12257832340543265,-0.3459348868447144,-0.17911278697698077,-0.0004405540240237089,-0.0033519354721913037,-0.17484326488946594,-0.9845904748490789
-0.12336535703629423,-0.3458332733294692,-0.17897716962194413,0.0010415026211132085,-0.0031713211391618326,0.2113865334515897,-0.977396844413692
-0.12381808998184479,-0.34632593779732357,-0.1788691383796689,0.00010085382287280628,-0.0032853259846447177,-0.11423757623263647,-0.993448022111964
-0.1249939738483366,-0.34614810958403386,-0.17881036715201518,0.0010982623658921471,-0.0030852708480098795,0.16859061170468165,-0.9856807193856496
-0.12434703353362397,-0.35287437244125985,-0.17869494971063485,-0.0006068294335467746,-0.003203139932547346,-0.40432097548031665,-0.9146113493934223
-0.26087088929641905,-0.42636235903060693,-0.17853485957249318,-0.0023854003928608027,-0.003671553478392884,-0.40372664331274627,-0.9148691857525009
-0.12083252574253861,-0.35924826742567617,-0.17952695503701402,-0.0008168573170672135,-0.003999615198905528,-0.07094108377132657,-0.9974721542257377
-0.1055643247754657,-0.3444440353045899,-0.17951656021214848,-0.0006177382223659024,-0.00380360306032067,-0.0710405585805221,-0.9974659844023831
-0.1237370591822676,-0.34539708806804836,-0.17932206534120668,-0.0021294967538902166,-0.0029010092444632075,-0.5357228906173868,-0.8443861876283205
-0.12296596267766291,-0.3451868224893829,-0.1792136863948836,0.0016745466066132827,-0.003032522865154633,0.48830914867656816,-0.8726638384953853
-0.12256861260659097,-0.34585297856604724,-0.17913919198714107,-0.0004807523838127822,-0.0033356786083218303,-0.16328578279733463,-0.9865730562211952
-0.12318717019715605,-0.34621890092653196,-0.1790477250256099,0.0017236729696985718,-0.0027501718510734834,0.47409222285597996,-0.8804692099862204
-0.1235141591074034,-0.3448993397202017,-0.17893926890627823,-0.0016448577949804287,-0.0027013761566464507,-0.6259671196313144,-0.7798430368671448
-0.12416271746706428,-0.3474260934257394,-0.17878219415961208,0.000153675737395287,-0.0031625362777030516,-0.16408496090618502,-0.986441128680509
-0.12464188819221794,-0.3475390351206511,-0.1786144556276921,-0.0004502766725159137,-0.0031422397132874528,-0.42421069285765156,-0.9055579559838979
-0.11207440394538545,-0.3548621007994418,-0.17990302331064348,-0.0013411112085257057,-0.002982537362717798,-0.16930383434268065,-0.985558480034783
-0.1199810197098958,-0.3540423636455332,-0.17966982316874305,-0.0023555438782881986,-0.0022546422409494985,-0.5821672854081329,-0.8130624944012169
-0.12352672626791736,-0.3477724723772869,-0.17952162355131102,-0.0017058116931008339,-0.0027449633873342623,-0.407322886288071,-0.9132785017115119
-0.13401383415525023,-0.33960606705140184,-0.17937379616733992,0.0014413672232657824,-0.0029177728323110906,0.5319413668926029,-0.8467749354171128
-0.11775305935092659,-0.34899541817611357,-0.17932757341861996,0.0014319089265093761,-0.003011482348604143,0.4647158599807899,-0.885453584381025
-0.12254211967375961,-0.34587522509309354,-0.17915708882934422,-0.0005259786915363962,-0.003294852964212787,-0.18135933651635006,-0.9834112356225699
-0.12284917509940937,-0.3458555105958083,-0.17904862179206285,-0.00029860256869861275,-0.0033744107964855928,-0.15175539875162797,-0.988412273870583
-0.12316967140017851,-0.34567552471056573,-0.17884811828212321,-0.00030192967536204454,-0.0034572895821726197,-0.2365973150279994,-0.9716015986549003
-0.1247098210530743,-0.3487690971059513,-0.17876655674921363,-0.0016095612526593566,-0.0031582561151974053,-0.5882666245952812,-0.8086592688630734
-0.1253661589328219,-0.3496640050822164,-0.17864447995664104,-0.0019462257473344203,-0.0030155817985367695,-0.7010526267027446,-0.7131005069868761
