x,y,z,r,p,y,w
0.5544595576678635,-0.12296545365223613,0.04672493006677683,0.002438913197243798,-0.0030891404416605044,-0.8051074573119634,-0.5931159170806435
0.5545843349341028,-0.12270932752179328,0.04668325633591133,0.0015043161104408324,-0.0034921522483581323,-0.9248513343596534,-0.3803098095485883
0.5483735871268411,-0.12325073175012932,0.04673401821219464,0.0021733987101517837,-0.002992187017408564,-0.8400489123636905,-0.5424980626614995
0.5485510302977443,-0.12261558646599732,0.04671177740110338,0.001700288520576176,-0.003109218818155386,-0.9034818886687741,-0.4286116174636344
0.5490471090895449,-0.12245272333970718,0.04665567351987457,0.0015933435543762113,-0.0030661302968930954,-0.90658766606473,-0.4220033931624549
0.5561040532498902,-0.12222503231012448,0.046671359528681094,0.0012129725564738742,-0.0031371100594505194,-0.9468812124909259,-0.32156594451180087
0.5496856553092235,-0.12239779502663697,0.046623144367167635,0.0016618570458543274,-0.00281539074758181,-0.8734722360518228,-0.4868629834488615
0.5495696990558241,-0.12255630855335285,0.046637324673998753,0.002070558732194117,-0.002466828436438668,-0.7847140187670382,-0.6198496078037685
0.5504134384759181,-0.12243823770639228,0.046625949019135055,0.0019639480105684217,-0.0024839102192495167,-0.8038628609023634,-0.5948062490930153
0.5571451608022433,-0.12196775255615644,0.0465997459907426,0.0004704210050238808,-0.003137162217651931,-0.99212574545505,-0.12520559940577547
0.5400489145298987,-0.12052840873748534,0.04607061551312583,0.0017795040385182102,-0.003107625431978493,-0.7501108366353112,-0.6613024336805546
0.5402211271004682,-0.10548314445196699,0.04609568491165314,0.0019379994954873737,-0.0029830667605002643,-0.7501739563341212,-0.6612309586737977
0.5489206277741493,-0.11945220422926292,0.04629085575108269,0.0026861254351104487,-0.0022209549962343726,-0.552814798869077,-0.8332968560125457
0.5488726155192418,-0.12140259036181955,0.04642778357462196,0.0034210178388699693,-0.000596340334509067,-0.12009047639373283,-0.9927568778380118
0.5486485807765893,-0.12177926772405884,0.046532446576330405,0.0032149297752641914,-0.0010940505098997564,-0.3106522605825627,-0.9505175644221231
0.5492448868446885,-0.12257832340550545,0.04666391302301923,0.002058657564619735,-0.0026816950403526054,-0.8198434597055435,-0.5725777432094157
0.5491432733294432,-0.1233653570363671,0.04679953037805587,0.0029789162488341333,-0.0015060091168091789,-0.5416510853400299,-0.8405967878504476
0.5496359377972975,-0.12381808998191768,0.046907561620331106,0.002394390704212362,-0.002251761860088955,-0.78325199801208,-0.621695668371403
0.5494581095840075,-0.12499397384840955,0.04696633284798482,0.0029582047048691265,-0.0014050271719809485,-0.5777699559815728,-0.8161930855432566
0.5561843724412336,-0.12434703353369826,0.04708175028936515,0.0018358687599088494,-0.0026940551748783578,-0.9326259908443213,-0.3608297837682741
0.6296723590305521,-0.2608708892965088,0.047241840427506815,0.0009094475684232855,-0.004282913155697688,-0.9323880523762959,-0.3614323579121813
0.5625582674256507,-0.12083252574261424,0.04624974496298598,0.0022505496811224463,-0.0034057603774431946,-0.7554822456971318,-0.6551564028984245
0.5477540353045677,-0.10556432477553825,0.04626013978785151,0.0022527466308612685,-0.003126360402927941,-0.7555482222853385,-0.6550817008623523
0.5487070880680223,-0.1237370591823404,0.04645463465879332,0.0005455417138539097,-0.0035571049042353673,-0.9758844880046322,-0.2182579104199313
0.5484968224893569,-0.12296596267773559,0.04656301360511639,0.0033284007430031725,-0.0009602342211052753,-0.27177980755163644,-0.9623532282410291
0.5491629785660215,-0.12256861260666374,0.04663750801285893,0.0020187376931373718,-0.0026986242344691005,-0.8130729824772318,-0.5821520139026807
0.5495289009265061,-0.12318717019722891,0.0467289749743901,0.0031634860107441582,-0.0007258443199009384,-0.28735192331785053,-0.9578195746965162
0.5482093397201756,-0.123514159107476,0.046837431093721765,0.0007470712979818219,-0.0030732514998186504,-0.9940578947209706,-0.10880670453886038
0.5507360934257133,-0.12416271746713747,0.04699450584038792,0.002344916003728117,-0.0021275856916964865,-0.8135447998787315,-0.5814936227838924
0.5508490351206248,-0.12464188819229116,0.0471622443723079,0.0019035053208328464,-0.002540292697925548,-0.9402884290050966,-0.3403639138622532
0.5581721007994183,-0.1120744039454602,0.04587367668935652,0.0011606635644458622,-0.003057281224193931,-0.8166109738330342,-0.5771791951439942
0.557352363645508,-0.11998101970997034,0.04610687683125694,-7.134823199536383e-05,-0.0032598938674450613,-0.9865764386165876,-0.16326756802259867
0.5510824723772608,-0.12352672626799062,0.04625507644868898,0.000734791209673616,-0.0031471732409118357,-0.9338061966988345,-0.35776464664542634
0.5429160670513736,-0.13401383415532173,0.046402903832660075,0.003082377493440201,-0.0010439764179381167,-0.22262095124873793,-0.9748996466956654
0.5523054181760888,-0.1177530593510001,0.046449126581380035,0.003141952102097792,-0.001116927078145581,-0.2975064980243024,-0.9547139698591436
0.5491852250930678,-0.12254211967383248,0.04661961117065577,0.001957889774462161,-0.0027017359735526775,-0.8236171700859053,-0.5671363367216433
0.5491655105957824,-0.1228491750994822,0.046728078207937146,0.002174924855497277,-0.0025972126579108016,-0.8062202930007866,-0.5916057499230445
0.5489855247105399,-0.1231696714002513,0.04692858171787678,0.0022311763871896307,-0.0026581694289700545,-0.8543256448873439,-0.519726513153832
0.5520790971059251,-0.12470982105314778,0.04701014325078637,0.0010950926392890674,-0.0033713559922706276,-0.9877757720794627,-0.15584113328549426
0.55297400508219,-0.12536615893289554,0.04713222004335896,0.0007561489153076809,-0.0035085277626281794,-0.9999572704681362,-0.00851913784793834
