x,y,z,r,p,y,w
0.008620689655172415,0.06413793103448276,-0.4,0.0,0.0,0.1480388864596436,0.9889815408266166
0.008620689655172415,0.04896551724137932,-0.4,0.0,0.0,0.3831195933107399,0.9236987480891231
0.007931013436153017,0.0403448486328125,-0.4,0.0,0.0,0.20836008325310487,0.9780521845519079
0.008275862068965517,0.02517241379310345,-0.4,0.0,0.0,0.3337071901927979,0.942676779820967
0.008275862068965517,0.009655172413793104,-0.4,0.0,0.0,0.3405997053021464,0.940208402827847
0.008275862068965517,-0.012413793103448277,-0.4,0.0,0.0,0.44017072689280057,0.8979141001157425
0.007931034482758621,-0.02103448275862069,-0.4,0.0,0.0,0.2711786445654803,0.9625290347473311
0.007586206896551724,-0.035862068965517246,-0.4,0.0,0.0,0.11424711265974599,0.9934523628483206
0.007586185849946121,-0.05172411688442888,-0.4,0.0,0.0,0.14555434493398614,0.989350257831289
0.007931034482758621,-0.07344827586206897,-0.4,0.0,0.0,0.6111687855827923,0.7915002940803338
0.08527655239762931,0.0025701799063846983,-0.4,0.0,0.0,0.06072107330251271,0.9981547731975191
0.08527655239762931,0.0025701799063846983,-0.4,0.0,0.0,0.06072107330251271,0.9981547731975191
0.056206896551724145,-0.005862068965517242,-0.4,0.0,0.0,-0.20046078316513555,0.9797017272684684
0.03923583984375,-0.005556230216190733,-0.4,0.0,0.0,-0.6188248820811703,0.7855289716600055
0.023793103448275864,-0.005172413793103448,-0.4,0.0,0.0,-0.4544514605306469,0.8907715026995205
0.007931013436153017,-0.005517241379310345,-0.4,0.0,0.0,0.17260881973574194,0.984990454445846
-0.007931034482758621,-0.005172413793103448,-0.4,0.0,0.0,-0.21361012780271618,0.9769189901420215
-0.02344827586206897,-0.005517241379310345,-0.4,0.0,0.0,0.11198919618085315,0.9937094242980522
-0.03962217133620689,-0.005199932229929957,-0.4,0.0,0.0,-0.1707934301672897,0.9853068578933627
-0.054093638452990304,-0.011705343312230604,-0.4,0.0,0.0,0.4022389413231668,0.915534725765887
-0.054093638452990304,-0.011705343312230604,-0.4,0.0,0.0,0.4022389413231668,0.915534725765887
0.07079655088227371,0.04017551816742996,-0.4,0.0,0.0,0.06906030790359459,0.9976124868265537
0.07079655088227371,0.04017551816742996,-0.4,0.0,0.0,0.06906030790359459,0.9976124868265537
0.03724137931034483,0.02448275862068966,-0.4,0.0,0.0,0.5339550768400092,0.8455128478720946
0.022758620689655173,0.01,-0.4,0.0,0.0,-0.49023509192566994,0.8715902446933593
0.007931034482758621,-0.005517241379310345,-0.4,0.0,0.0,0.16101822710643157,0.9869514327156639
-0.007931034482758621,-0.020689655172413793,-0.4,0.0,0.0,-0.47613779620864344,0.8793706835126904
-0.02344827586206897,-0.03413793103448276,-0.4,0.0,0.0,0.6241640821166358,0.7812932859019701
-0.039248762459590525,-0.051365987843480614,-0.4,0.0,0.0,0.16179752454292595,0.986823976731302
-0.05482758620689655,-0.06620689655172414,-0.4,0.0,0.0,0.4221659218183733,0.906518579211283
0.09283861883755389,-0.09056495403421337,-0.4,0.0,0.0,0.16706963210986134,0.9859450988907423
0.07,-0.07448273757408405,-0.4,0.0,0.0,0.5802864178887257,0.8144124711802191
0.051543494915140084,-0.05302027209051725,-0.4,0.0,0.0,0.4051994727569493,0.9142283015076105
0.026206917598329743,-0.02965519346039871,-0.4,0.0,0.0,-0.533917738487432,0.8455364264941317
0.02761333597117457,-0.02390545022898707,-0.4,0.0,0.0,-0.4667380458932348,0.8843956108641452
0.007931013436153017,-0.005517241379310345,-0.4,0.0,0.0,0.17913510229481117,0.983824483902402
-0.007241400356950431,0.009655193460398708,-0.4,0.0,0.0,0.1495414705411209,0.9887554543912256
-0.02241379310344828,0.025172434839709056,-0.4,0.0,0.0,0.23444424951207657,0.9721295664008575
-0.03877224626212285,0.037135956862877156,-0.4,0.0,0.0,0.5865326399522147,0.8099255905764959
-0.05434480864426186,0.05144826954808729,-0.4,0.0,0.0,0.6995205712182991,0.7146124617178351
