x,y,z,r,p,y,w
0.5410107786539602,-0.1257418385648097,0.04673496012336556,0.00013578788584050995,-0.003948751380657239,-0.99996745017086,-0.0070347368800809384
0.5408268756245075,-0.1255461559931899,0.04670563778545625,0.003794147250368516,-3.8056169718325185e-06,-0.018462392637479064,-0.9998223564665172
0.5407736036990292,-0.12540236645473238,0.046689094021837546,0.003654451615327274,-4.80598718705298e-05,-0.04735051766578352,-0.9988716489872076
0.5406697833724942,-0.1253765837986272,0.046714282594720075,0.003541831439803642,0.0001544718074509455,-0.012421011673629412,-0.9999165715386038
0.5411063071183253,-0.1251282041518716,0.046665447632639634,0.00016246407855987277,-0.00337415478988223,-0.9998837686057194,-0.014867345549995248
0.5415143985173636,-0.12503322413811652,0.046626808759912264,0.00012568306822893435,-0.0033331105405862626,-0.9998734337518171,-0.015556061688015987
0.5421007087759875,-0.1251671895935754,0.04663573818407299,0.003251941140557453,-0.00022603861080630074,-0.09031201583978732,-0.9959081853164569
0.5422102233523922,-0.12489112791231086,0.04659698147696337,8.172269736722755e-05,-0.003180269973554118,-0.9998095881242348,-0.01925270628105058
0.5421446745550245,-0.12483903638174354,0.046581631657108186,0.00318803976264578,-0.0001040503941760135,-0.0357055856680093,-0.9993572618078537
0.5423232134723538,-0.12483919462055304,0.046588477736207695,0.0031680339539806547,-0.0001417015644391735,-0.05550164511576078,-0.9984535596966826
0.5405813626523788,-0.12439834945589862,0.04609763029126959,-0.0003990394080069708,-0.0035556098661243024,-0.9959200310698524,-0.0901692304495037
0.5408070989233166,-0.1246686744200862,0.046220394032222334,0.003445794036407351,-0.000872408604881111,-0.09131550915419723,-0.9958156672771291
0.5410348216715496,-0.12477212349226893,0.046319939583131325,0.003375315139345237,-0.0007239647650731861,-0.09816644175932471,-0.9951640230811409
0.5412510801040527,-0.12509691559707373,0.04643280898292271,-0.00018084980734067268,-0.0034299482956551735,-0.9999544053118169,-0.008910109175942815
0.5414569752039955,-0.1252257663319425,0.046549750425724096,0.0001353586008985769,-0.003368848542689583,-0.9988595321999929,-0.04762633169535563
0.5415073586540022,-0.12507597312311736,0.0466378012905361,0.0002443965038440121,-0.0033510826649907986,-0.9988188982349184,-0.04847183763902663
0.5414932007268591,-0.12507845131815346,0.046774108446413165,0.0032752273480472945,0.0002256154217794655,-0.018701164808060722,-0.9998197279601566
0.541722581976974,-0.12522481276578062,0.04687622144067019,0.0032594297523513473,0.00038348065954994684,-0.0225151446162844,-0.9997411151509079
0.5418640456323949,-0.12519412690443746,0.04691096292284905,0.003258761259589369,0.00023065182606134185,-0.08938426252871357,-0.9959918578417124
0.5421001612984724,-0.1251788300942147,0.04706476491242961,0.003255119804701165,0.00022071694699162718,-0.16670639740406257,-0.9860011828307527
0.5402684350781178,-0.12568073330014318,0.046185094006096855,-0.0006614517299402072,-0.004334736510509353,-0.9998553671740193,-0.01643220235694004
0.5403209665064069,-0.1254812423090937,0.04629654439504485,0.004033342605934961,-0.0006161514891947213,-0.014130379571543783,-0.9998918365893035
0.5403540320319349,-0.1251886537967169,0.04637792468680571,0.0037745705410683096,-0.0005841614153629059,-0.046379159160481465,-0.9989166056124196
0.5405874644958629,-0.12515627578886274,0.04645977652549066,0.003573011484857479,-0.0002893009688369891,-0.028264014765110035,-0.9995940652901241
0.5409483748869348,-0.12540690690125744,0.046555482389863984,0.0034740115628863586,-0.00026158825842344116,-0.06934613923564531,-0.9975865755854751
0.5415156747005253,-0.12504343147506713,0.0466411045005857,9.217133090563346e-05,-0.0033568531176898764,-0.9999940492353531,0.000790275568322063
0.5422095791850939,-0.12507309607105732,0.04670997600976637,0.003227302763083838,-0.0002953404605758798,-0.14395990040457046,-0.9895782153859258
0.5424366344071206,-0.12511794917164965,0.04684376675079083,0.003171851370297536,0.00012624259472501505,-0.09201625931787816,-0.9957524448590814
0.5428688249251399,-0.12517897186946633,0.04699574293489553,0.00313286572626054,0.000532200301370706,-0.04978682366841203,-0.9987548118052754
0.54297117050282,-0.12522503547881217,0.04714289602730548,0.003073801160469697,0.0008064689210203983,-0.03856816550222286,-0.999250918420443
0.5421518892768331,-0.12359824454788439,0.04595798763082751,-0.0007781271225348791,-0.0031829103228000694,-0.9998727748380377,-0.015610821174463996
0.542184994447598,-0.12384676520905209,0.04610093389661998,0.0031524039293315213,-0.0008054091304383465,-0.05004834751907783,-0.9987414963724142
0.5421877557993626,-0.12442506992876032,0.046249624738883444,-0.00029678253297270155,-0.0032403812318770025,-0.9986292470041874,-0.05224020365053844
0.5419030418283663,-0.12468745433707411,0.04640750997368129,0.003232074906878695,-0.0003037946447119527,-0.013744638245594243,-0.9999002681868371
0.5418424520049466,-0.12499093684776133,0.04648095659194232,0.003214329530316763,-0.0005506694342023507,-0.1171221471807567,-0.9931121625922291
0.5415069564748822,-0.12503429337647853,0.046621653618784176,0.003353037886303423,3.6330354833617566e-06,-0.017569760476809193,-0.9998400175230642
0.5412070607181774,-0.12528558063133782,0.046730367516105625,0.0033711606263962237,6.246124759410471e-05,-0.03456482307534808,-0.9993967702471296
0.5410283917136587,-0.12535323330727338,0.04688516726590711,0.0034453209495067002,-4.99026951475477e-06,-0.11270298269186418,-0.9936227490506695
0.5413122866446207,-0.1254863828035031,0.046983727383794,0.003498899245538062,0.00028964234264394653,-0.07101827535990379,-0.9974688357920195
0.5416374705529163,-0.12565328450378072,0.04709232214608358,0.003568877610205902,0.00036015351082683894,-0.09287526016203362,-0.9956712908645533
