x,y,z,r,p,y,w
-0.12574183856473858,-0.3377007786539866,-0.17904173987663444,-0.0026961723436013624,-0.0028882054133635687,-0.7021094548299427,-0.7120580751333305
-0.12554615599311886,-0.3375168756245339,-0.17907106221454375,0.0026801762719887725,-0.0026855582271229704,0.693926285208422,-0.720036051270351
-0.12540236645466135,-0.3374636036990556,-0.17908760597816245,0.0025501040574137154,-0.0026180709800183877,0.6728270443995965,-0.7397907886680831
-0.12537658379855618,-0.3373597833725205,-0.17906241740527992,0.002613681091455827,-0.0023952249663538867,0.6982648067720543,-0.7158307699394444
-0.12512820415180048,-0.33779630711835174,-0.17911125236736036,-0.0022710082810496217,-0.002500767184347944,-0.6965117923228952,-0.7175373940360369
-0.12503322413804532,-0.3382043985173899,-0.17914989124008773,-0.002267993715867637,-0.0024457364155181555,-0.6960174886261113,-0.7180170820422672
-0.125167189593504,-0.3387907087760138,-0.179140961815927,0.0021396361979968276,-0.0024593030670185877,0.6403531924534341,-0.7680736700994634
-0.1248911279122395,-0.33890022335241854,-0.17917971852303663,-0.0021910037908186132,-0.002306577137789532,-0.6933584204905276,-0.7205858588254263
-0.12483903638167215,-0.3388346745550507,-0.1791950683428918,0.002180709795552435,-0.002327859274165945,0.6814046349001897,-0.7318999584045116
-0.12483919462048168,-0.3390132134723801,-0.1791882222637923,0.002139940154769516,-0.0023403364290084084,0.6667676931329295,-0.7452588723898055
-0.12439834945582762,-0.33727136265240487,-0.1796790697087304,-0.002796359318952446,-0.0022320323762281867,-0.6404625331838739,-0.7679810817941589
-0.12466867442001514,-0.3374970989233428,-0.17955630596777766,0.0018196582892391956,-0.0030534303701925405,0.6395781953929487,-0.7687178268939672
-0.12477212349219777,-0.3377248216715759,-0.17945676041686867,0.001874787828949563,-0.002898628618395812,0.6342730724605065,-0.7731013857666001
-0.1250969155970025,-0.337941080104079,-0.1793438910170773,-0.002553219824123643,-0.002297459573830413,-0.7007741422540006,-0.713374939492695
-0.12522576633187127,-0.3381469752040218,-0.1792269495742759,-0.0022864226647386545,-0.0024778486339137704,-0.6726234465666897,-0.7399772507761926
-0.12507597312304614,-0.33819735865402856,-0.1791388987094639,-0.0021967588515650286,-0.0025423877018982974,-0.6719968510281358,-0.7405463812102453
-0.12507845131808226,-0.33818320072688546,-0.17900259155358683,0.002475469662412625,-0.002156401273051091,0.6937555891527731,-0.720203030056656
-0.1252248127657094,-0.3384125819770004,-0.1789004785593298,0.002575926655510698,-0.0020336031058668987,0.6910031105165615,-0.7228443333918513
-0.1251941269043662,-0.3385540456324213,-0.17886573707715095,0.002467387655224918,-0.0021411967146223636,0.6410683785209699,-0.7674768148519422
-0.12517883009414335,-0.3387901612984987,-0.17871193508757038,0.002457787737419621,-0.002145646837537994,0.5793288985659041,-0.8150873467092351
-0.12568073330007223,-0.3369584350781444,-0.17959160599390314,-0.0035328385849060957,-0.0025974045775701542,-0.6953851886181682,-0.7186238320508631
-0.12548124230902272,-0.33701096650643325,-0.17948015560495514,0.0024163190112578004,-0.0032876888037527544,0.6970386108895138,-0.7170219853212195
-0.12518865379664595,-0.3370440320319612,-0.1793987753131943,0.00225595992754606,-0.0030820889237667824,0.6735456877202055,-0.7391357236165674
-0.12515627578879168,-0.33727746449588925,-0.17931692347450934,0.0023219339733319528,-0.0027310673270683674,0.6868340654964328,-0.7268054185045135
-0.12540690690118633,-0.33763837488696125,-0.179221217610136,0.002271526302627704,-0.0026414679654471755,0.6563651071144452,-0.7544353577198561
-0.12504343147499594,-0.33820567470055163,-0.1791355954994143,-0.002308478629851096,-0.002438828576080321,-0.7076613825739534,-0.7065437641470714
-0.125073096070986,-0.33889957918512026,-0.17906672399023363,0.002073210426286963,-0.0024908849111504082,0.5979424448187739,-0.8015324884089449
-0.12511794917157823,-0.33912663440714697,-0.17893293324920917,0.0023321046076581007,-0.002153570618048342,0.6390379851997677,-0.7691686270860989
-0.1251789718693948,-0.3395588249251663,-0.17878095706510447,0.0025915930416346897,-0.0018389481575367224,0.6710216995404532,-0.741430900799948
-0.12522503547874067,-0.3396611705028464,-0.17863380397269452,0.0027437652874570924,-0.0016032460017171915,0.6793052891573568,-0.7338489118865992
-0.12359824454781301,-0.3388418892768592,-0.1798187123691725,-0.002800876438130002,-0.001700438508191298,-0.695978301899508,-0.7180553369240672
-0.12384676520898072,-0.33887499444762414,-0.17967576610338,0.0016595759377072156,-0.002798596453231777,0.6708273588193349,-0.7416064106553252
-0.12442506992868893,-0.33887775579938884,-0.17952707526111655,-0.002501152484292345,-0.002081438601087393,-0.6691981101960929,-0.7430769146996682
-0.12468745433700285,-0.33859304182839256,-0.1793691900263187,0.002070606830593088,-0.002500237337320566,0.6973173332366689,-0.716755187053649
-0.12499093684769011,-0.33853245200497295,-0.17929574340805768,0.0018834921167387919,-0.0026622562989715966,0.6194184801490777,-0.7850542091465096
-0.1250342933764073,-0.33819695647490855,-0.17915504638121582,0.0023735247710073844,-0.0023683868829537324,0.6945699597151842,-0.7194173532692835
-0.12528558063126663,-0.3378970607182038,-0.17904633248389437,0.002427937311129269,-0.0023396037676584403,0.6822392125505106,-0.7311212541248431
-0.1253532333072023,-0.3377183917136851,-0.1788915327340929,0.0024326811533466877,-0.0024397384601738377,0.622904340473498,-0.7822904271163804
-0.12548638280343188,-0.33800228664464715,-0.178792972616206,0.0026789034478109895,-0.0022692873186058843,0.6550994737155468,-0.7555344819060184
-0.12565328450370944,-0.33832747055294277,-0.17868437785391642,0.0027782445491754725,-0.0022689105696273404,0.6383731953379692,-0.769718647868195
