x,y,z,r,p,y,w
0.0059068561422413795,0.07757774089944774,-0.4,0.0,0.0,0.7007782165260019,0.7133792057823357
0.005846915409482759,0.06273693216258082,-0.4,0.0,0.0,-0.695366994442688,0.718654814942294
0.005748480435075432,0.04788678399447738,-0.4,0.0,0.0,-0.6743748837902178,0.7383891359662128
0.005517220332704742,0.033103469322467674,-0.4,0.0,0.0,-0.6998424391383803,0.714297249316307
0.005517220332704742,0.01758622794315733,-0.4,0.0,0.0,0.6949235013268127,0.7190836719768315
0.005481735755657328,0.0021597079573006466,-0.4,0.0,0.0,0.694403333068125,0.7195859997414338
0.005172413793103448,-0.013448275862068966,-0.4,0.0,0.0,-0.6420985476970752,0.7666221070679522
0.005244161671605604,-0.028567483836206897,-0.4,0.0,0.0,0.691685596250678,0.7221987509954195
0.005218000740840518,-0.04351200498383621,-0.4,0.0,0.0,-0.6831214651201516,0.7303047746606189
0.00512451171875,-0.058658784011314656,-0.4,0.0,0.0,-0.6684916516200788,0.7437196459111854
0.0813793103448276,0.0020689655172413794,-0.4,0.0,0.0,0.6388815145389769,0.7693051477667253
0.0660638848666487,0.002042078478582974,-0.4,0.0,0.0,-0.641245267206617,0.7673359807053977
0.05089062920932113,0.002032660122575431,-0.4,0.0,0.0,-0.6359143755325073,0.7717596173622336
0.03551724137931035,0.0020689655172413794,-0.4,0.0,0.0,0.6992012037264471,0.7149249448071366
0.0203448275862069,0.0020689655172413794,-0.4,0.0,0.0,0.6710053207609464,0.7414525335518785
0.005481146450700431,0.002169378872575431,-0.4,0.0,0.0,0.6703896134199439,0.7420092763696814
-0.009655172413793104,0.002413793103448276,-0.4,0.0,0.0,-0.6953579197525097,0.718663595458586
-0.024827586206896554,0.002413793103448276,-0.4,0.0,0.0,-0.6926217983961931,0.7213009388503687
-0.039820451407596984,0.0023684587149784483,-0.4,0.0,0.0,-0.6427932269084741,0.7660397296750286
-0.05487086855132004,0.002406237372036638,-0.4,0.0,0.0,-0.5811825069994082,0.8137732445576488
0.0813793103448276,0.07724137931034483,-0.4,0.0,0.0,0.6942127196994844,0.7197698936517455
0.06620689655172414,0.06241379310344828,-0.4,0.0,0.0,-0.6983826480730252,0.715724581714579
0.05113561169854526,0.047612830852640085,-0.4,0.0,0.0,-0.6750330425098853,0.737787497535603
0.03583609745420259,0.032708929653825436,-0.4,0.0,0.0,-0.6883660362472054,0.7253634951810789
0.0203448275862069,0.017586206896551725,-0.4,0.0,0.0,-0.6580312522602791,0.7529906181678288
0.005459742052801724,0.0021826803273168106,-0.4,0.0,0.0,0.706041510380364,0.7081704495527996
-0.009798310378502156,-0.01339683795797414,-0.4,0.0,0.0,-0.599784149916675,0.800161842072422
-0.02503405340786638,-0.028328394396551725,-0.4,0.0,0.0,-0.6408230109606282,0.7676886534418459
-0.04019415493669181,-0.04347719389816811,-0.4,0.0,0.0,-0.6726983693976062,0.7399168222238239
-0.05538711021686423,-0.0583282260237069,-0.4,0.0,0.0,-0.6809601801513944,0.7323204442374803
0.0813793103448276,-0.07448273757408405,-0.4,0.0,0.0,0.6943530565816259,0.7196345133578249
0.06620689655172414,-0.059310344827586216,-0.4,0.0,0.0,-0.6725023363721891,0.7400949990196847
0.05068965517241379,-0.04413793103448276,-0.4,0.0,0.0,0.6674828769409309,0.7446251466279246
0.03551722033270475,-0.028620689655172418,-0.4,0.0,0.0,-0.6989700985408878,0.7151508941095869
0.0203448275862069,-0.013448275862068966,-0.4,0.0,0.0,-0.6211707548653815,0.7836752473441866
0.005496552566002156,0.0021518891433189658,-0.4,0.0,0.0,-0.6961703690069541,0.7178766031266943
-0.009655172413793104,0.017586206896551725,-0.4,0.0,0.0,-0.6838506691475735,0.7296219996041895
-0.0245745849609375,0.032994942500673495,-0.4,0.0,0.0,-0.6246153383351558,0.7809325701470382
-0.03954821356411638,0.04789288751010238,-0.4,0.0,0.0,-0.6567186955502302,0.75413563429585
-0.054573669433593756,0.06275193839237608,-0.4,0.0,0.0,-0.6399899782318725,0.7683832557798012
