x,y,z,r,p,y,w
0.5465974868667882,-0.12366576852776609,0.04672354797083794,0.003930880615513449,-0.00023528219288713385,-0.10607130257483366,-0.9943507286616502
0.5456630285249798,-0.12347377044456692,0.04670837514818196,0.003797466072394817,-0.00010571075100566951,-0.06093519056286323,-0.9981344952598992
0.5455694604373584,-0.12324215382225374,0.046695703766983426,0.0036785538069718142,7.683049493486496e-05,-0.021106223851299177,-0.9997704684844932
0.5450505891707244,-0.12363180693709008,0.04666098659730669,0.0034784874600589707,-7.760595555046028e-05,-0.06197196635230218,-0.9980718258165269
0.5452467495767438,-0.12348670329561258,0.046648388608646424,0.003420092877697448,-0.00013784374719179922,-0.08368888067640734,-0.9964860536981637
0.5447535881418067,-0.12325804750517338,0.04663983673638797,0.00333406669945058,-8.940836716314778e-05,-0.06804270753364416,-0.9976768344293049
0.5448605986585077,-0.12310409531929709,0.04660925204376945,0.003253482743067481,3.1493254796336e-05,-0.01635334012811618,-0.9998609813993495
0.5444243931541364,-0.12294239464503745,0.04664177504603881,0.0031889455312165294,-2.4142355022103296e-05,-0.05153726978739098,-0.9986659801286948
0.5441674838919758,-0.12282921294347807,0.04657136434361378,5.161060411373571e-05,-0.0031785231630803755,-0.9999938848678427,-0.001457584909158094
0.5440242454106088,-0.12277315062686894,0.046577409629721706,0.0031925391206224516,-2.6454262949645105e-05,-0.028075497646207592,-0.9996007069955749
0.5443883262414495,-0.12406877958227588,0.04610748001365639,-0.0006837146490189822,-0.0035148323747053742,-0.9999934137543474,-0.0005923981631181241
0.5446254954314327,-0.12385934846774849,0.04621205351308316,0.0034997634150782195,-0.0006590509982633147,-0.04483999895799401,-0.9989878336602834
0.5448258432628634,-0.12358267118891406,0.04630377892109144,0.0034250767696376123,-0.0005135926243051575,-0.04634785966566368,-0.9989193565929886
0.5447705601135086,-0.12337205240804365,0.04644583749652262,-0.00012091710466077907,-0.003423822078607186,-0.9999917829303522,-0.0021672316911696687
0.5445481614790936,-0.12348088646336657,0.0465361149940032,7.272216376008308e-05,-0.0033567149679072806,-0.9996932002340978,-0.02454042749870111
0.5447803332300394,-0.12326376479477133,0.04663473093249981,0.00021864461765122014,-0.003342678632229987,-0.9998007836016782,-0.019676681721347233
0.5440023827747063,-0.12305731042761614,0.04679920458675638,0.003328836088716207,-0.000148554531115386,-0.15885237672059,-0.987296722972413
0.5438393968241293,-0.1241756072364605,0.046883281681334765,0.003266348895373029,0.0003589644373824469,-0.04774799620925285,-0.9988540088358395
0.5439888489478062,-0.12329962169848273,0.046961170635757804,0.0032636012331998107,0.00017461156849150005,-0.14094831537785096,-0.9900115609476174
0.5455807847150653,-0.123057132099926,0.04706535068766568,0.0008491484597920014,-0.0031394218345540776,-0.9999558089871706,-0.008820603735057997
0.5454952521595052,-0.12500610166926468,0.04617467115546023,0.0042621240217316555,-0.0010671567123489139,-0.09136615687829547,-0.9958076726219103
0.5455729927914584,-0.12480223408173435,0.046301879649121774,0.00404415403418115,-0.0005945519454821715,-0.026754296819536616,-0.9996336823696088
0.545316648222773,-0.12431212447696745,0.0463809050252206,0.003786592188612572,-0.0007019781950175254,-0.106580520658838,-0.9942966164894166
0.5449738748777179,-0.12377186188731473,0.0464379934211652,0.0036270249288294226,-0.00022043718887930128,-0.0035793935590598402,-0.9999869919350751
0.5450825870250178,-0.12369762420107114,0.04655419009312717,0.003487410409631873,-2.9150004519732167e-05,-0.009186799658838563,-0.9999517187499309
0.5436654323518644,-0.12329189351816773,0.04662948811010073,0.0032449411561526575,-0.0008732504871914589,-0.2863547538103812,-0.9581177708197862
0.5451061494005124,-0.12319521947924732,0.04673373970954084,0.0032407962999628196,8.947804898285666e-05,-0.055271517355488575,-0.9984660978732541
0.5448482618940852,-0.123205622761899,0.04685568118000763,0.0031699842836988533,0.0003344040199918688,-0.045113956970035174,-0.9989767616216603
0.5449182558088976,-0.12327367238593825,0.046985780098361296,0.003102296087365901,0.0006967348206737801,-0.003964721435084251,-0.9999870855683677
0.5443252283191982,-0.12293982201448801,0.047134894356379936,0.0030718109271869517,0.0008216416137718141,-0.04480623035233822,-0.9989906358942007
0.5435799855546595,-0.12338646158700409,0.0459289727051399,-0.0007288527264521715,-0.003124486406877261,-0.9993405870073298,-0.03616763080769564
0.5439426889672843,-0.12320422215084358,0.04614150579780543,0.0032223117362175408,-0.0006059648391029649,-0.007988348665054046,-0.9999627172046436
0.5439519657134917,-0.12318899761774374,0.04626154815595232,-0.00028493245761666516,-0.0032402450747658325,-0.9992252120865261,-0.03922238080465951
0.544416688560363,-0.12336279589860893,0.04645634798451684,-0.00010286293446604817,-0.0032639139976017115,-0.9998983794656391,-0.013876852187093836
0.5446589007987701,-0.12325075083607331,0.04648406452881573,8.449364057596721e-05,-0.0032624881859515944,-0.9982052228284508,-0.05979700786547337
0.5447623514136245,-0.12328515746135062,0.04663747385893599,0.003371344954854089,-4.931350663593768e-06,-0.04352596592052432,-0.999046607671315
0.5440424105981148,-0.12320617220810788,0.04672774248915987,0.003367225647880755,-6.853970012868208e-05,-0.09851717216216721,-0.995129651795642
0.5454508879440252,-0.1232011264063385,0.046876060297514066,0.003449362936803309,0.00019337355704847044,-0.07477262843529997,-0.9971946242027544
0.545797369679559,-0.12355565874594694,0.04698484523007382,0.0007464027795525937,-0.0034744216845995464,-0.9990296884365018,-0.04389821066188371
0.5464903098870268,-0.12315474811671882,0.047077782249108885,0.003543031525294263,0.0006703203020359742,-0.017239920398310127,-0.9998448793402726
