x,y,z,r,p,y,w
0.007931034482758621,0.07206896551724139,-0.4,0.0,0.0,-0.6295990841698647,0.7769201974543253
0.007931034482758621,0.057931034482758624,-0.4,0.0,0.0,-0.6642096455145682,0.7475463509411384
0.007931034482758621,0.04310344827586207,-0.4,0.0,0.0,-0.6935116031240995,0.7204454568752873
0.007241379310344828,0.028620689655172418,-0.4,0.0,0.0,-0.6635204928991705,0.7481581086260055
0.007241379310344828,0.013448275862068966,-0.4,0.0,0.0,-0.647082427851404,0.7624200492943063
0.007241379310344828,-0.0010344827586206897,-0.4,0.0,0.0,-0.6590369907468739,0.7521105270020523
0.007241379310344828,-0.01620689655172414,-0.4,0.0,0.0,-0.6970394327259962,0.7170327950833361
0.007241379310344828,-0.030689655172413795,-0.4,0.0,0.0,-0.6713801671532977,0.7411131297941024
0.007241379310344828,-0.04551724137931035,-0.4,0.0,0.0,0.7044483162282158,0.7097552886475955
0.007241379310344828,-0.060344827586206906,-0.4,0.0,0.0,-0.6886277926605985,0.7251149999657929
0.08172413793103449,-0.001724137931034483,-0.4,0.0,0.0,0.7052420878325736,0.7089665701212946
0.06689655172413794,-0.001724137931034483,-0.4,0.0,0.0,-0.6762764473501387,0.7366479259181248
0.05206896551724138,-0.001724137931034483,-0.4,0.0,0.0,-0.6751869052102213,0.737646692551823
0.03724137931034483,-0.0013793103448275863,-0.4,0.0,0.0,0.7040211054689263,0.7101790499967674
0.02206896551724138,-0.0010344827586206897,-0.4,0.0,0.0,0.6879512457329169,0.7257569038559177
0.007241379310344828,-0.0010344827586206897,-0.4,0.0,0.0,0.6914552007848306,0.7224193417313863
-0.007586206896551724,0.0,-0.4,0.0,0.0,-0.5876008482214282,0.8091509396703794
-0.023793103448275864,0.0003448275862068966,-0.4,0.0,0.0,-0.6742017088229201,0.7385472603836903
-0.03793103448275863,0.0003448275862068966,-0.4,0.0,0.0,-0.6021501230845989,0.7983828838779062
-0.05275862068965517,-0.0010344827586206897,-0.4,0.0,0.0,0.6992628755069624,0.7148646242035861
0.08206896551724138,0.07206896551724139,-0.4,0.0,0.0,-0.6407862902915011,0.7677193042867009
0.06689655172413794,0.057241379310344835,-0.4,0.0,0.0,-0.6892751159252464,0.7244996994935458
0.05206896551724138,0.04275862068965518,-0.4,0.0,0.0,-0.6292383664814845,0.7772123764761554
0.03724137931034483,0.02827586206896552,-0.4,0.0,0.0,-0.706081276057949,0.7081308011945098
0.02206896551724138,0.013448275862068966,-0.4,0.0,0.0,-0.7021396485202417,0.7120392643498471
0.007241379310344828,0.0,-0.4,0.0,0.0,-0.47697570661648264,0.8789164779987385
-0.007931034482758621,-0.01620689655172414,-0.4,0.0,0.0,-0.6686548117457146,0.7435729572337222
-0.02310344827586207,-0.030689655172413795,-0.4,0.0,0.0,-0.6761784979535672,0.7367378359397987
-0.03827586206896552,-0.04551724137931035,-0.4,0.0,0.0,-0.7058735681628111,0.7083378471951793
-0.053103448275862074,-0.05965517241379311,-0.4,0.0,0.0,-0.67637894001651,0.73655381982727
0.0815172708445582,-0.07593103869207975,-0.4,0.0,0.0,0.6794292021127112,0.733741071030159
0.06689655172413794,-0.06103448275862069,-0.4,0.0,0.0,-0.7030399372900419,0.7111503684701387
0.05196493214574354,-0.045850051353717676,-0.4,0.0,0.0,0.6771560678232929,0.7358394252893059
0.03689655172413794,-0.03103448275862069,-0.4,0.0,0.0,0.6955934494058161,0.718435629088451
0.02206896551724138,-0.01620689655172414,-0.4,0.0,0.0,0.6618613318331116,0.7496262918442094
0.007241379310344828,-0.0010344827586206897,-0.4,0.0,0.0,-0.6773034249298342,0.7357037926899089
-0.007586206896551724,0.014827586206896554,-0.4,0.0,0.0,-0.635679424923354,0.7719531519004984
-0.02241379310344828,0.028620689655172418,-0.4,0.0,0.0,-0.653900942543576,0.7565801724474565
-0.03758620689655173,0.043448275862068966,-0.4,0.0,0.0,0.6738048452393114,0.7389093520399019
-0.05206896551724138,0.057931034482758624,-0.4,0.0,0.0,-0.6963216833252587,0.7177298331064957
