x,y,z,r,p,y,w
-0.12366576852769381,-0.3432874868668142,-0.17905315202916205,0.002613182705181686,-0.002945921973346968,0.6281084057744006,-0.7781158804544586
-0.12347377044449481,-0.3423530285250058,-0.17906832485181803,0.002610465222236079,-0.002759962799996377,0.6626999836745125,-0.7488753565944515
-0.12324215382218165,-0.3422594604373844,-0.17908099623301657,0.0026554577058399897,-0.0025468029778987185,0.6920201238848657,-0.7218688319060044
-0.12363180693701811,-0.34174058917075034,-0.1791157134026933,0.002404786373850141,-0.002514537768710007,0.6619225584948485,-0.7495641537973519
-0.12348670329554062,-0.3419367495767698,-0.17912831139135357,0.0023209006177244587,-0.00251584111449092,0.6454450708915138,-0.763799020964061
-0.12325804750510144,-0.34144358814183273,-0.17913686326361203,0.0022943199093941324,-0.002420762434825393,0.6573505951502778,-0.7535775149650918
-0.12310409531922512,-0.34155059865853354,-0.17916744795623055,0.0023228288041247905,-0.002278290616068056,0.6954449224915998,-0.7185720378910307
-0.12294239464496565,-0.34111439315416225,-0.1791349249539612,0.002237853787008042,-0.0022719962329074517,0.6697211337387271,-0.7426058396398852
-0.12282921294340629,-0.34085748389200166,-0.17920533565638622,-0.002211061074622451,-0.0022840494909228378,-0.7060717889617849,-0.7081331253084778
-0.12277315062679722,-0.34071424541063455,-0.1791992903702783,0.002238760072672726,-0.002276172050118223,0.6869720636245413,-0.7266768131663308
-0.12406877958220411,-0.3410783262414756,-0.1796692199863436,-0.0029688210716058783,-0.002001902542170596,-0.7066832352493552,-0.7075210127658128
-0.12385934846767663,-0.3413154954314588,-0.17956464648691683,0.002008687013330955,-0.002940725873369941,0.6746844041723722,-0.7380977388357115
-0.12358267118884214,-0.3415158432628894,-0.17947292107890855,0.0020587301824819917,-0.002785059837308625,0.6735697650422542,-0.7391155367685494
-0.12337205240797178,-0.34146056011353454,-0.17933086250347738,-0.002506509114026196,-0.002335506504692545,-0.7055685066157241,-0.7086334350660322
-0.12348088646329466,-0.34123816147911956,-0.1792405850059968,-0.002322133581180054,-0.00242497825145518,-0.6895371382941395,-0.7242425436890874
-0.12326376479469939,-0.34147033323006537,-0.17914196906750018,-0.002209025636365815,-0.0025182358199885473,-0.6930523988440325,-0.7208794289967116
-0.12305731042754436,-0.3406923827747321,-0.17897749541324362,0.002248798655462315,-0.0024588864881171747,0.5857986150702349,-0.8104498006438403
-0.12417560723638882,-0.3405293968241555,-0.17889341831866523,0.002563483641517616,-0.0020558312657612456,0.6725335111554797,-0.7400593749708928
-0.12329962169841097,-0.3406788489478322,-0.1788155293642422,0.002431183587238554,-0.00218424553893015,0.6003783785985566,-0.799709397799701
-0.12305713209985389,-0.3422707847150912,-0.17871134931233432,-0.0016194678340649663,-0.0028203451023715072,-0.7008384247065645,-0.7133126421368534
-0.12500610166919263,-0.34218525215953155,-0.17960202884453977,0.0022591830501342714,-0.003768370545914955,0.6395367289688687,-0.7687479871682102
-0.1248022340816623,-0.34226299279148475,-0.17947482035087822,0.0024392370293146717,-0.003280060454150265,0.6879296107989813,-0.7257659002130742
-0.12431212447689549,-0.34200664822279925,-0.1793957949747794,0.002181151472214309,-0.0031738985560977153,0.6277100711301673,-0.7784376889308298
-0.12377186188724276,-0.34166387487774386,-0.1793387065788348,0.0024088212916259723,-0.00272056655378994,0.7045665696374077,-0.7096285965538499
-0.12369762420099911,-0.3417725870250439,-0.17922250990687283,0.0024453593835639933,-0.0024865837152985167,0.7005765928509774,-0.7135686895234603
-0.12329189351809608,-0.34035543235189036,-0.17914721188989927,0.0016770385548996293,-0.00291200123723422,0.47500818467759176,-0.8799749611663842
-0.12319521947917536,-0.3417961494005384,-0.17904296029045916,0.002354859575351337,-0.0022283185049446143,0.6669392838624346,-0.7451050133196552
-0.12320562276182706,-0.3415382618941112,-0.17892101881999237,0.0024779767334507426,-0.0020050580330656866,0.6744828574907054,-0.7382836272901941
-0.12327367238586634,-0.3416082558089236,-0.1787909199016387,0.0026863205170123247,-0.0017009886842374168,0.7042941678920266,-0.7099011307167029
-0.12293982201441617,-0.34101522831922404,-0.17864180564362006,0.002753086693940105,-0.0015911099803334315,0.6747102636610279,-0.7380758423042665
-0.12338646158693242,-0.34026998555468546,-0.1798477272948601,-0.0027247222313885574,-0.0016939688206677544,-0.6810661287843319,-0.7322148827913293
-0.12320422215077184,-0.34063268896731025,-0.17963519420219456,0.001850036632886384,-0.0027070003266665477,0.7014318027575122,-0.7127290337807455
-0.12318899761767205,-0.3406419657135177,-0.17951515184404768,-0.0024926769380339046,-0.0020897215921126017,-0.6788245119577703,-0.7342933348401331
-0.1233627958985371,-0.34110668856038895,-0.17932035201548316,-0.0023806707994073178,-0.0022352006424204234,-0.6972225083346512,-0.7168473409005371
-0.12325075083600143,-0.3413489007987961,-0.17929263547118426,-0.002247181493608716,-0.002366673546046012,-0.6635548123215634,-0.748120551834098
-0.12328515746127874,-0.3414523514136504,-0.179139226141064,0.002380413887801997,-0.0023873878707907667,0.6756551253456282,-0.7372101366659716
-0.12320617220803617,-0.34073241059814063,-0.17904895751084013,0.0023325232026605194,-0.002429452976142986,0.6340007644452338,-0.7733250854437639
-0.12320112640626646,-0.34214088794405106,-0.17890063970248593,0.002575803676878544,-0.002302332169895756,0.652250848322716,-0.7579953135503499
-0.12355565874587485,-0.34248736967958504,-0.17879185476992618,-0.0019290006669634863,-0.002984573600800257,-0.6753799448592382,-0.7374613897410367
-0.12315474811664656,-0.34318030988705284,-0.1786989177508911,0.002979289648630156,-0.002031313586356324,0.694806629695315,-0.7191875589369866
