x,y,z,r,p,y,w
-0.12509678118995088,-0.3435808919050871,-0.17906642449570878,-0.0007970367640860575,-0.0038744628809795592,-0.23338911719573485,-0.972375376716408
-0.12489760806343794,-0.343108567950812,-0.1790533808137457,-0.000726293112430255,-0.0037675695616134226,-0.2306070193313327,-0.9730394033917802
-0.12500499737984858,-0.34270927834635545,-0.17903551118431912,-0.0022771169834695498,-0.0029328990105511633,-0.6632040065712947,-0.7484294612783632
-0.12470733304729556,-0.34212842838955393,-0.1791186984716265,-0.0019716538747734593,-0.0029381711095454372,-0.5892823863215655,-0.8079193950529293
-0.12487700433103743,-0.3423159634938969,-0.1791178335878604,0.0006097385052109871,-0.003407827677846304,0.13186172280641023,-0.9912620748258243
-0.1246830772811317,-0.34185596971796217,-0.17910136260458578,0.0004388035034942788,-0.0033500828196473932,0.07343423652576248,-0.9972943383487471
-0.1244475302572928,-0.34191294178962484,-0.1791676190218171,0.0003234077381608358,-0.0032395998501360546,0.07700549872003282,-0.9970253525197468
-0.12435532228694302,-0.3414800093317296,-0.17912654348222878,0.0009642353867952305,-0.003094983155784681,0.2552113843405228,-0.966879848084744
-0.12418438999001197,-0.34090878263432645,-0.179197336388405,-0.0003872909742823618,-0.003163815496318954,-0.1415117821523425,-0.9899314399438353
-0.12412696736031739,-0.34069361329060965,-0.17923183611627094,0.0020334484012580457,-0.002448195208157555,0.6357540399153278,-0.7718851418178504
-0.12550081840121213,-0.3411262323531251,-0.17965853775918506,5.601336666693395e-05,-0.0036075436233854296,0.19574034177653604,-0.9806491223127227
-0.12494239028129211,-0.34135069951082897,-0.1795542440611291,-0.002791659092951006,-0.0022511797674013134,-0.6881233613183251,-0.7255848526789501
-0.12499274597589122,-0.3415642318513502,-0.1794544077317396,-0.00169581893711647,-0.003042633109891844,-0.40516646418024715,-0.9142362948852809
-0.12512746848158396,-0.3414019024527347,-0.17934464667202862,-0.0013158303424209994,-0.0032048735312508302,-0.32612383241092,-0.9453207092356397
-0.12490641733505264,-0.3415823728434626,-0.17924570468428985,0.0015888052990454538,-0.003000112828077933,0.47608659001042475,-0.8793918545409576
-0.12469422269630717,-0.3418183749508278,-0.17912926431497175,0.0003606965713656191,-0.0033668621357009123,0.06436985318778088,-0.997920365629406
-0.12445695209568391,-0.34207191020024885,-0.17897089268433206,-0.0012476651307927922,-0.003119184743352267,-0.4705175862330337,-0.8823842219031899
-0.1245811693892272,-0.3422923749044867,-0.17887679505935986,0.0021196355021682054,-0.002568961937718536,0.5026919727968314,-0.8644591882012304
-0.12400735840004337,-0.34232849888183703,-0.1788569281255018,0.0023062194741056323,-0.0023219946877508792,0.5740270557337304,-0.8188297924343447
-0.12409412288978419,-0.34264591999944505,-0.1787073125268997,0.0025486552266908487,-0.002064771529492329,0.5941126952825135,-0.8043751278969367
-0.12770105915319016,-0.34375785913658496,-0.17960050602198688,-0.00039525904223086314,-0.004396213854368416,0.06513210700181243,-0.9978668877718813
-0.1260002289021728,-0.34245854859483904,-0.17947090411696767,-0.0014876514841439246,-0.003789940479690138,-0.2542011117215767,-0.9671428116073326
-0.12567243476111542,-0.34241368154664464,-0.17936833283973286,0.0012825675217919162,-0.0036192470391521146,0.3961519318996591,-0.9181769453234976
-0.12514996135662984,-0.341987131283657,-0.1793449330396805,-0.002621960158446879,-0.002503579013646679,-0.6729180351912359,-0.7397081690311493
-0.12509315374665814,-0.34220238238334433,-0.17918279665329734,0.0023046694642262673,-0.0026436110780892934,0.6418356657522042,-0.766834191978653
-0.12467485785320348,-0.341854328356775,-0.17912150488827971,0.0007543764581432475,-0.003288897746496196,0.1734959073887704,-0.9848288095842441
-0.12428215740296486,-0.3418230349796346,-0.17903494845430182,0.0007705493910884547,-0.0031813611315942725,0.15151365545281714,-0.9884497445021228
-0.12429192852660065,-0.34150185164859015,-0.17895929228563992,-0.001162759342801624,-0.003016763481028408,-0.47797508701926017,-0.8783674420865911
-0.12427315495075039,-0.34160617083138445,-0.17879958585516142,0.0021621799615441396,-0.002331280387568503,0.5056921821246584,-0.8627081239026155
-0.12400786769695638,-0.3413133170987782,-0.17866698384294097,0.0010166381494516254,-0.0030161667060031655,0.034257581405843895,-0.9994079684000404
-0.1243066885630009,-0.3402227298910777,-0.1798361101605889,-0.001250508370781749,-0.0030264773556630997,-0.1331169045435222,-0.9910949330858176
-0.12455443389343546,-0.34065217246314083,-0.17965984195341658,0.0001276853477901129,-0.003283319474099524,0.22427329047766764,-0.9745207512864995
-0.1244680088389534,-0.34097016283022497,-0.17953985196952096,0.0002911120634114513,-0.0032645742732465774,0.22415405684029927,-0.9745482115373341
-0.12475528235001793,-0.34116422568583904,-0.1793138293863922,0.00044267092391791574,-0.003272016314056574,0.1712150332583411,-0.9852281514136914
-0.12469967852468858,-0.3417101152853287,-0.17928187699492495,-0.002048510029053276,-0.00261474660881799,-0.5912834643760126,-0.8064569619405196
-0.12468344691449187,-0.34180718982970026,-0.17915270861696334,0.0007082695961921144,-0.0033134166695770995,0.1734843782307014,-0.9848307926410809
-0.12461679148669152,-0.34209775649060015,-0.17905499030017216,0.0008581353498083295,-0.0032957745827083716,0.18766045472597676,-0.9822280566170263
-0.12458045329282388,-0.3425440248093441,-0.17888463220803932,0.00045830901175401536,-0.003447674080561885,-0.0022276127069910667,-0.9999914705825808
-0.12427381248171418,-0.34320082658155393,-0.17880138457642125,-0.0015136070400007858,-0.0032602029536106746,-0.5627200176137345,-0.8266397412701789
-0.1245468568221717,-0.34389560738053404,-0.178668971618195,0.0025001135351003134,-0.002613847906466991,0.5251505837063744,-0.8510016343487761
