x,y,z,r,p,y,w
0.006551724137931035,0.07172413793103449,-0.4,0.0,0.0,0.23156827425703327,0.972818654404622
0.006551724137931035,0.057241379310344835,-0.4,0.0,0.0,0.22866005812954185,0.9735063316775061
0.0062068965517241385,0.04275862068965518,-0.4,0.0,0.0,0.6616514398252057,0.7498115577778408
0.0062068965517241385,0.02827586206896552,-0.4,0.0,0.0,0.5875224957252796,0.809207833017414
0.005862068965517242,0.01310344827586207,-0.4,0.0,0.0,-0.13405955832447808,0.9909732765427359
0.005862068965517242,-0.0013793103448275863,-0.4,0.0,0.0,-0.07569236758087834,0.9971312177893145
0.005862068965517242,-0.016551724137931035,-0.4,0.0,0.0,-0.07931685579199249,0.9968494552274543
0.005862068965517242,-0.03103448275862069,-0.4,0.0,0.0,-0.25744244596884613,0.9662936339506629
0.005862068965517242,-0.04551724137931035,-0.4,0.0,0.0,0.1391882046656492,0.9902659459367232
0.005862068965517242,-0.060344827586206906,-0.4,0.0,0.0,-0.6375232855799349,0.770431087342252
0.08034482758620691,-0.001724137931034483,-0.4,0.0,0.0,-0.19774041311102014,0.9802544205575832
0.06586206896551726,-0.001724137931034483,-0.4,0.0,0.0,0.686576696834901,0.7270573838173136
0.05068965517241379,-0.001724137931034483,-0.4,0.0,0.0,0.4031760039002108,0.9151224562205089
0.03551724137931035,-0.0013793103448275863,-0.4,0.0,0.0,0.3240277664432507,0.9460475709887946
0.020689655172413793,-0.0013793103448275863,-0.4,0.0,0.0,-0.4780283446476135,0.8783444095077184
0.005862068965517242,-0.0013793103448275863,-0.4,0.0,0.0,-0.06659234813930542,0.9977802659750761
-0.008965517241379312,-0.0013793103448275863,-0.4,0.0,0.0,0.4685436586900936,0.8834403431479123
-0.024137931034482762,-0.0013793103448275863,-0.4,0.0,0.0,-0.5046240140787142,0.8633392174661624
-0.038620689655172416,-0.0013793103448275863,-0.4,0.0,0.0,-0.5758537844597144,0.8175527010067454
-0.05379310344827586,-0.0013793103448275863,-0.4,0.0,0.0,-0.5959581875353914,0.8030154660462844
0.07940061371901941,0.0705114430394666,-0.4,0.0,0.0,-0.06675972736101192,0.9977690809013293
0.065689697265625,0.05706895499393858,-0.4,0.0,0.0,0.2524209077187798,0.9676175305080139
0.05068965517241379,0.042413793103448276,-0.4,0.0,0.0,-0.3979856259974821,0.9173916510953173
0.035862068965517246,0.02793103448275862,-0.4,0.0,0.0,0.6713527018413142,0.7411380099079843
0.020689655172413793,0.01310344827586207,-0.4,0.0,0.0,-0.6435360971266483,0.7654157639446689
0.005862068965517242,-0.0013793103448275863,-0.4,0.0,0.0,-0.1757077204347343,0.9844423786995505
-0.008965517241379312,-0.01620689655172414,-0.4,0.0,0.0,-0.15376961284712448,0.9881067281244701
-0.024137931034482762,-0.030689655172413795,-0.4,0.0,0.0,0.4759256558510407,0.8794855144360006
-0.039310344827586205,-0.04551724137931035,-0.4,0.0,0.0,-0.5076741147244066,0.8615491821357559
-0.054137931034482764,-0.060000000000000005,-0.4,0.0,0.0,-0.036495115753987124,0.9993338313727316
0.08068965517241379,-0.07586206896551725,-0.4,0.0,0.0,0.13089649467331746,0.9913960397753454
0.06551724137931035,-0.06103448275862069,-0.4,0.0,0.0,-0.22653259097738446,0.9740035858378926
0.05068965517241379,-0.04620689655172414,-0.4,0.0,0.0,-0.22639227128577163,0.9740362105702588
0.03551724137931035,-0.03103448275862069,-0.4,0.0,0.0,-0.17350299206578967,0.9848333421164306
0.020689655172413793,-0.016551724137931035,-0.4,0.0,0.0,0.5894533758034036,0.8078024001907715
0.005862068965517242,-0.0013793103448275863,-0.4,0.0,0.0,-0.1757077204347343,0.9844423786995505
-0.008965517241379312,0.013448275862068966,-0.4,0.0,0.0,-0.18983678834688678,0.9818156618175019
-0.023793103448275864,0.02827586206896552,-0.4,0.0,0.0,0.0,1.0
-0.03827586206896552,0.04275862068965518,-0.4,0.0,0.0,0.560928796806727,0.8278640497768686
-0.05344827586206897,0.057241379310344835,-0.4,0.0,0.0,-0.5269236501626454,0.8499126230967946
