x,y,z,r,p,y,w
0.5468908919050608,-0.1250967811900232,0.046710275504291215,0.002176068875855632,-0.003303249077336677,-0.8526042501591867,-0.5225421953108396
0.5464185679507857,-0.1248976080635102,0.0467233191862543,0.0021505072006800276,-0.0031776407705376222,-0.8511065476583877,-0.5249789733417274
0.5460192783463291,-0.12500499737992077,0.04674118881568087,0.00046370791832928116,-0.003684037639462466,-0.998175597666369,-0.06026349695318006
0.5454384283895276,-0.1247073330473676,0.04665800152837349,0.0006834308908405704,-0.0034717705408510977,-0.9879708542958131,-0.15459971149239377
0.5456259634938707,-0.12487700433110953,0.046658866412139594,0.0028408482919053566,-0.001978547828335388,-0.6076878166669502,-0.7941684534178048
0.545165969717936,-0.12468307728120372,0.04667533739541421,0.002679147212238224,-0.0020585853463802838,-0.653267742866647,-0.7571194361040425
0.5452229417895986,-0.12444753025736482,0.04660908097818289,0.0025194268271036407,-0.002062059217620662,-0.6505522774479539,-0.7594544981152768
0.5447900093317035,-0.12435532228701497,0.04665015651777121,0.0028703009577762716,-0.0015066661964508502,-0.5032255966700605,-0.8641489976765844
0.5442187826343003,-0.12418438999008377,0.04657936361159501,0.0019632993176625477,-0.0025110114660778244,-0.8000511748717012,-0.5999232933164189
0.5440036132905834,-0.12412696736038913,0.046544863883729054,0.0031690005870790953,-0.00029327027963444406,-0.09625922528556591,-0.9953512108674234
0.5444362323530987,-0.12550081840128402,0.04611816224081494,0.002590525990929139,-0.002511311128115121,-0.5550143213299137,-0.8318329673739818
0.5446606995108026,-0.124942390281364,0.04622245593887089,-0.00038217659618769483,-0.003565825554586126,-0.9996426647365935,-0.026489274574564514
0.5448742318513239,-0.12499274597596317,0.0463222922682604,0.0009523414345672652,-0.0033505915747669567,-0.9329586380514376,-0.35996672938911534
0.5447119024527083,-0.12512746848165585,0.04643205332797137,0.0013357552487754968,-0.0031966203648097847,-0.8990470573008581,-0.43783831049238536
0.5448923728434363,-0.12490641733512454,0.046530995315710144,0.003244855125998713,-0.0009979451241188381,-0.2851798874376733,-0.9584679998945062
0.5451283749508015,-0.12469422269637916,0.04664743568502824,0.00263578203903748,-0.002125680055911248,-0.6601198979275704,-0.7511526173138438
0.5453819102002226,-0.12445695209575597,0.04680580731566794,0.0013233642091640997,-0.0030878291584317324,-0.9566460428126344,-0.29123369102695734
0.5456023749044605,-0.12458116938929926,0.04689990494064014,0.0033153390439977677,-0.00031772176954436766,-0.25580805122332306,-0.9667218568488178
0.5456384988818109,-0.12400735840011547,0.046919771874498195,0.0032726416186323517,-1.1154760543565173e-05,-0.17310167517392566,-0.9848985225617856
0.5459559199994188,-0.12409412288985633,0.0470693874731003,0.003262185343804618,0.00034215744359434794,-0.14867799193033399,-0.9888802231770184
0.5470678591365581,-0.12770105915326257,0.04617619397801312,0.0028291022788830564,-0.003388082977057197,-0.6595430885309843,-0.7516537975990316
0.5457685485948125,-0.12600022890224488,0.046305795883032325,0.0016279641610014999,-0.0037318210659628656,-0.8636205703468016,-0.5041259105799734
0.5457236815466182,-0.1256724347611875,0.04640836716026714,0.0034661063161623095,-0.0016522819321854701,-0.36912742694089684,-0.9293708617938341
0.5452971312836306,-0.1251499613567018,0.046431766960319504,-8.370811025322955e-05,-0.0036243035058246284,-0.9988775682874564,-0.0472277565546651
0.545512382383318,-0.1250931537467302,0.04659390334670266,0.0034989627266847545,-0.00023966791358922645,-0.0883873055329416,-0.9960800088545876
0.5451643283567487,-0.12467485785327549,0.04665519511172028,0.0028590266082970063,-0.001792177190056336,-0.5736989969420951,-0.8190592621876673
0.5451330349796084,-0.12428215740303684,0.04674175154569818,0.0027944227292312504,-0.0017047013298761011,-0.5918031839864273,-0.8060758504126727
0.544811851648564,-0.12429192852667259,0.046817407714360076,0.001310978898487769,-0.002955368930854302,-0.9590789999424298,-0.2831201494034626
0.5449161708313583,-0.12427315495082239,0.04697711414483857,0.0031773562838504086,-0.00011957205794369615,-0.25244839342279324,-0.9676051357696589
0.5446233170987521,-0.12400786769702825,0.04710971615705903,0.0028516236604939683,-0.001413880201514043,-0.68246438350834,-0.7309119197467336
0.5435327298910515,-0.12430668856307253,0.0459405898394111,0.001255799712386274,-0.003024285610207357,-0.7949378138778322,-0.6066820820914061
0.5439621724631146,-0.12455443389350719,0.046116858046583414,0.002411944640217939,-0.0022313702896573245,-0.5305050671058245,-0.8476753961775277
0.5442801628301988,-0.12446800883902522,0.04623684803047903,0.0025142499204230243,-0.0021025552921766196,-0.5306087953489312,-0.8476105025935772
0.5444742256858127,-0.12475528235008972,0.04646287061360779,0.0026266805359586778,-0.00200064931168622,-0.5755941958223685,-0.8177288179386216
0.5450201152853025,-0.12469967852476056,0.04649482300507504,0.00040038972530715973,-0.003297420391051995,-0.9883517337869798,-0.15215063925959404
0.545117189829674,-0.12468344691456384,0.04662399138303666,0.002843761630330021,-0.0018421171615791107,-0.573708551520884,-0.8190525120747522
0.5454077564905739,-0.1246167914867636,0.046721709699827835,0.002937257881720532,-0.0017236712316703031,-0.561844139408207,-0.8272360996029318
0.5458540248093179,-0.12458045329289602,0.04689206779196067,0.002761947131776351,-0.0021138003115965254,-0.7086759100285472,-0.7055255899267547
0.5465108265815277,-0.12427381248178646,0.046975315423578745,0.0012350298145059103,-0.003375593418578903,-0.982425707014502,-0.186619426286455
0.5472056073805078,-0.1245468568222441,0.04710772838180499,0.003616116814058765,-8.042234524774741e-05,-0.23041148756590085,-0.9730865653317295
