x,y,z,r,p,y,w
0.007931034482758621,0.07206896551724139,-0.4,0.0,0.0,0.6988877089742809,0.7152314102755002
0.007931034482758621,0.057241379310344835,-0.4,0.0,0.0,0.6817422653309212,0.7315924300192449
0.007695607152478448,0.04271774818157328,-0.4,0.0,0.0,0.7007379034800267,0.7134188045085557
0.007241379310344828,0.027586206896551727,-0.4,0.0,0.0,0.6658270554436662,0.7461061132568323
0.007241379310344828,0.012413793103448277,-0.4,0.0,0.0,0.669633051029116,0.7426921145194941
0.007241379310344828,-0.0027586206896551726,-0.4,0.0,0.0,0.6641622114307975,0.7475884943652843
0.007241379310344828,-0.017931034482758623,-0.4,0.0,0.0,0.6670996832547366,0.7449684641657189
0.007241379310344828,-0.03310344827586207,-0.4,0.0,0.0,0.6637695510551471,0.7479371518329921
0.007241379310344828,-0.04793103448275863,-0.4,0.0,0.0,0.6575827745974098,0.7533823030525553
0.006896551724137932,-0.06275862068965518,-0.4,0.0,0.0,0.6683812072334675,0.7438189039121905
0.08241379310344829,-0.0027586206896551726,-0.4,0.0,0.0,0.6548880985127391,0.7557258619541671
0.06758620689655173,-0.0027586206896551726,-0.4,0.0,0.0,0.6730377049663484,0.7396081717325942
0.05241379310344828,-0.0027586206896551726,-0.4,0.0,0.0,0.6613388499366544,0.7500872786312693
0.03758620689655173,-0.0027586206896551726,-0.4,0.0,0.0,0.6720779063656148,0.7404804438843823
0.02241379310344828,-0.0027586206896551726,-0.4,0.0,0.0,0.672125558569847,0.7404371907982277
0.007241379310344828,-0.0027586206896551726,-0.4,0.0,0.0,0.6758702602612477,0.737020617957458
-0.007931034482758621,-0.0027586206896551726,-0.4,0.0,0.0,0.6644568521079832,0.7473266298525363
-0.02310344827586207,-0.002413793103448276,-0.4,0.0,0.0,0.6803961017610439,0.7328445569889805
-0.03885535930765086,-0.002418202367322198,-0.4,0.0,0.0,0.6720853114060908,0.740473722823557
-0.05399390911233837,-0.002405406031115302,-0.4,0.0,0.0,0.6900698581106132,0.7237427657166586
0.08310344827586208,0.07172413793103449,-0.4,0.0,0.0,-0.7040329109022828,0.7101673467334713
0.06758620689655173,0.056896551724137934,-0.4,0.0,0.0,-0.684905614262757,0.7286317997118679
0.05275862068965517,0.04206896551724138,-0.4,0.0,0.0,0.6925551360812716,0.72136494473148
0.03758620689655173,0.02724137931034483,-0.4,0.0,0.0,0.6490561271064056,0.7607405233492124
0.022758620689655173,0.012413793103448277,-0.4,0.0,0.0,0.6550776027217786,0.7555616019970096
0.007241379310344828,-0.0027586206896551726,-0.4,0.0,0.0,0.6757563043502278,0.7371251027681273
-0.007931034482758621,-0.017931034482758623,-0.4,0.0,0.0,0.6566405468835265,0.7542036808372811
-0.023793103448275864,-0.03241379310344828,-0.4,0.0,0.0,0.6619869431927627,0.7495153681161594
-0.03896551724137931,-0.04758620689655173,-0.4,0.0,0.0,0.6572582472686399,0.7536654406282376
0.007241379310344828,0.16379310344827588,-0.4,0.0,0.0,-0.0009380850656605351,0.999999559998108
0.11096505000673493,0.15945250741366684,-0.4,0.0,0.0,0.018105266037432587,0.999836086236996
0.06758620689655173,-0.06310344827586208,-0.4,0.0,0.0,0.6505864806251049,0.7594321768452005
0.05206896551724138,-0.04793103448275863,-0.4,0.0,0.0,0.6318632236634552,0.7750799098039031
0.03724137931034483,-0.03310344827586207,-0.4,0.0,0.0,0.6670433391544093,0.745018914987892
0.02206896551724138,-0.017931034482758623,-0.4,0.0,0.0,0.6720104059503816,0.7405417032783523
0.007241379310344828,-0.0027586206896551726,-0.4,0.0,0.0,0.6657730307377857,0.7461543215329008
-0.007931034482758621,0.012758620689655173,-0.4,0.0,0.0,0.652705238541897,0.7576119531659763
-0.02310344827586207,0.02793103448275862,-0.4,0.0,0.0,0.6959979770544438,0.7180437423556604
-0.03827586206896552,0.04275862068965518,-0.4,0.0,0.0,0.6822422928845296,0.7311261545038993
-0.053103448275862074,0.05758620689655173,-0.4,0.0,0.0,0.6775230610140499,0.7355015307898087
