x,y,z,r,p,y,w
-0.12370972080671122,-0.3432704014286251,-0.17905526083524906,-0.00266177762299123,-0.0029470431168382195,-0.7002235512452417,-0.7139126054064706
-0.1235281277095768,-0.3430530795839297,-0.17907594601478785,-0.0025385527545334066,-0.002896437905043961,-0.6831948452198122,-0.7302259717802781
-0.12348726432994767,-0.3427242022312078,-0.17905152943327646,-0.002440206183180404,-0.0027913516919666845,-0.7022526014195689,-0.7119182098731309
-0.12372561220962464,-0.3428541526666534,-0.17909344848578787,-0.0022349735612253964,-0.002792795166993944,-0.6673971690126403,-0.7446933758146699
-0.12353305359069153,-0.3429913237595036,-0.17911291177424202,-0.00221547184814139,-0.002683639968656272,-0.6712227895980335,-0.7412475001544647
-0.12333316138106482,-0.34317074525235347,-0.17913002904755584,-0.0021411902088721273,-0.002612945807213698,-0.6657774855992421,-0.7461426991453104
-0.12311022053673812,-0.3433141979063381,-0.17914968597446604,-0.0021173838445290917,-0.0025177520858673534,-0.6687861568906678,-0.7434475462071962
-0.12298749012884477,-0.343480663505183,-0.17916319200809294,-0.0021129721976386397,-0.002492189911893317,-0.6654897035892936,-0.7463998785869203
-0.12284084046732519,-0.3433132395180325,-0.1791788855861081,-0.0020306682111335237,-0.0024531933722122478,-0.6592635615523782,-0.7519051899263425
-0.12307728332206477,-0.3431636109447197,-0.17917532449570842,-0.0020679903486541234,-0.0024213878320012276,-0.6700838246319228,-0.7422786055542346
-0.12343437716195998,-0.34214002402647203,-0.179669426610594,-0.002837046992523121,-0.0022623493461300494,-0.6564293044456762,-0.7543788181045147
-0.12316713653801264,-0.3423694191552713,-0.17955297763210332,-0.002737012528789157,-0.0022781550838129787,-0.6746055816898024,-0.7381697825871728
-0.12324475988118214,-0.3425784390925787,-0.17944685578945332,-0.0025442076216771487,-0.0023866259177676703,-0.6629916839683773,-0.748618633225946
-0.12308453473875455,-0.34281605656410563,-0.17933595835498914,-0.002458368027814497,-0.002481718898364915,-0.6737163658147323,-0.7389817696880886
-0.12315435189255428,-0.34303014962143663,-0.1792189850815394,-0.0022657563780583466,-0.0025367940616453162,-0.6737651380202392,-0.7389377306732221
-0.1233014306984096,-0.34315023667293865,-0.1791467593805012,-0.002221010955654006,-0.0025714502192522803,-0.6775016454814597,-0.7355134092074861
-0.12341165240454163,-0.3434266382182497,-0.17897021763422943,-0.0019541719091855907,-0.0027316596208922976,-0.6661284461236282,-0.7458294795144428
-0.12353582043308384,-0.34325253207146067,-0.17889308942584733,-0.001887320112818909,-0.0027361941199027366,-0.6820364507945903,-0.7313106255566431
-0.12420113452447654,-0.34332543616162814,-0.17886982005144084,-0.0018036221825244868,-0.002731214618796132,-0.6737606250100788,-0.7389424250912626
-0.1243211999848417,-0.34365693950066667,-0.1786809669267475,-0.001612303430473114,-0.0028808644297895515,-0.6916910026430212,-0.7221860272536973
-0.12392806816335375,-0.3425265155235825,-0.17961249564431261,0.0025419278168130454,-0.0035368583688657395,0.7028875106629556,-0.711287689047045
-0.12408060433326756,-0.3426461164272637,-0.17946014560707693,0.0024408325603492835,-0.0032603235666565974,0.6835255832234425,-0.7299151935024409
-0.12364607134729938,-0.34267937418051153,-0.1794041150882433,-0.002908770410225623,-0.0025721768052516377,-0.6939780834986256,-0.7199856544298346
-0.12342159288921101,-0.3426382881214033,-0.1793421916487887,-0.002545701125753351,-0.0025816042341448107,-0.6506586843415527,-0.7593616603544557
-0.12301865358408531,-0.3428532755474142,-0.17920957690962128,-0.0022649669321070445,-0.002665956534272707,-0.6567107150599433,-0.7541344703207856
-0.12329677622606208,-0.3432239053958026,-0.1790987081578922,-0.0021510200310797057,-0.002616965268808261,-0.6774193114984354,-0.7355892882679804
-0.12324509872834999,-0.3435022813828039,-0.17904323039575223,-0.001966206210328029,-0.0026291150416518187,-0.6583577694936016,-0.7526979933111592
-0.12389827275004953,-0.3432647508774135,-0.17892093189605596,-0.0017729886367361203,-0.0026900622659567063,-0.6637400580524696,-0.7479563860365139
-0.12395253054190217,-0.3436910757861227,-0.178780192665839,-0.0015470921005507178,-0.002823957790753302,-0.6589902643648572,-0.7521445760229645
-0.0636080916816315,-0.11729408054619661,-0.17941932311869987,0.000960591771765937,-0.0030419591340584357,-0.0012929241267922165,-0.9999940760300914
-0.0951011670338402,-0.10481905664616553,-0.1796245827506843,-0.0008514411766437759,-0.003172039327250061,-0.020377722573137635,-0.9997869581251595
-0.12247273823014784,-0.3427200297694709,-0.17963968261719454,-0.0025356613085184007,-0.0020755661220433273,-0.6523158054529584,-0.7579402037121792
-0.12309841588725057,-0.34276467772612107,-0.17952019785718182,-0.0023522724257338088,-0.0022842442275915263,-0.6336387840512462,-0.7736220914560297
-0.12300547944202392,-0.3431023951954999,-0.1793932903167478,-0.0023708355493403397,-0.0022651524688454493,-0.6687481322859791,-0.7434817978855338
-0.12334477892896839,-0.3431466550137171,-0.17926544802544817,-0.0022981189030883,-0.002453052668344347,-0.6736986416315767,-0.7389985395424552
-0.12327583188686411,-0.34314670603286845,-0.17914913321279888,-0.002157478432982742,-0.0025735340461633402,-0.667439356075717,-0.7446565840510355
-0.12354801543649244,-0.3427762172882438,-0.1790416564614268,-0.002030699835528314,-0.0027058006101425332,-0.6543825680077759,-0.7561560748871781
-0.12389540506404356,-0.3428384990643205,-0.1789017322117889,-0.0020968730020665028,-0.0027751173978346534,-0.6975687797825774,-0.7165093853674822
-0.12424926852390483,-0.3432048732133395,-0.17879435659988618,-0.0019787185596350804,-0.002972904241668934,-0.6838197947302842,-0.7296421964554023
-0.12427963916646645,-0.34353962210585076,-0.17868270519786772,-0.001902533771342622,-0.003148643934613552,-0.6790584008304688,-0.7340750334047522
