x,y,z,r,p,y,w
0.546580401428599,-0.12370972080678352,0.04672143916475094,0.00020171316513731795,-0.003966035179593173,-0.9999452658895066,-0.009679623025540207
0.5463630795839036,-0.12352812770964906,0.046700753985212146,0.0002530630168115764,-0.00384311875107273,-0.9994394443709906,-0.03325602851785342
0.5460342022311818,-0.12348726433001977,0.04672517056672354,0.00024829737044558976,-0.003699270049686418,-0.9999697704211488,-0.00683461728191298
0.5461641526666274,-0.12372561220969683,0.046683251514212126,0.00039443944013093507,-0.003555169361961601,-0.9984987998967918,-0.054656671989817995
0.5463013237594775,-0.12353305359076376,0.04666378822575798,0.00033104485275106937,-0.003464195187448809,-0.998767320108514,-0.049514947685182886
0.5464807452523275,-0.12333316138113712,0.04664667095244415,0.00033358158264968794,-0.0033616818156575194,-0.9983783371270301,-0.056826787470035
0.5466241979063122,-0.12311022053681048,0.04662701402553396,0.0002831030984216721,-0.0032775360481047734,-0.9986000280806835,-0.05279357467863127
0.5467906635051571,-0.12298749012891709,0.046613507991907055,0.0002681474172952019,-0.003256341356113421,-0.9983566978434361,-0.0572121334079172
0.5466232395180066,-0.12284084046739747,0.04659781441389191,0.00029877040662037047,-0.0031705689314856763,-0.9978469935691503,-0.06550752364349938
0.5464736109446938,-0.12307728332213703,0.04660137550429158,0.0002498897569286631,-0.00317446975485235,-0.9986910518777384,-0.05104941915654909
0.545450024026446,-0.12343437716203198,0.046107273389405984,-0.00040637260289686926,-0.003605817731019466,-0.9975919904082944,-0.06926076532219416
0.5456794191552453,-0.12316713653808473,0.04622372236789668,-0.00032446121094096224,-0.003546259027658084,-0.9989830403735394,-0.044946677495339815
0.5458884390925527,-0.12324475988125429,0.04632984421054667,-0.00011142709142569003,-0.0034866258326434856,-0.998159227680993,-0.060547396472448445
0.5461260565640798,-0.12308453473882676,0.04644074164501086,1.651155891244224e-05,-0.0034931689651524715,-0.998928431383632,-0.04614960965583409
0.5463401496214106,-0.12315435189262651,0.046557714918460585,0.00019165258402108242,-0.0033959159829049157,-0.9989317782548305,-0.04608398221253801
0.5464602366729128,-0.12330143069848187,0.046629940619498794,0.0002477979796840031,-0.0033887817953495098,-0.9991525270892296,-0.04102051151937014
0.5467366382182237,-0.12341165240461396,0.04680648236577056,0.0005497668332366749,-0.003313383250415868,-0.9984050239687652,-0.056357141178325576
0.5465625320714347,-0.12353582043315608,0.04688361057415266,0.0006002445667816277,-0.003269318266870056,-0.9993873018581345,-0.034842103111723755
0.5466354361616019,-0.12420113452454883,0.04690687994855916,0.0006559069018646931,-0.003206613853788191,-0.9989319065295726,-0.04609049284745609
0.5469669395006405,-0.12432119998491406,0.04709573307325249,0.0008970080849651017,-0.003177149463001275,-0.9997620356038623,-0.021563238694764952
0.5458365155235564,-0.1239280681634259,0.04616420435568738,0.004298350933276502,-0.000703522140166588,-0.005939823098460972,-0.9999728735007822
0.5459561164272375,-0.1240806043333397,0.046316554392923065,0.004031326158009031,-0.000579467647681714,-0.03280240800477574,-0.9994535580284565
0.5459893741804855,-0.12364607134737159,0.04637258491175669,-0.00023800762058153921,-0.0038756149433894715,-0.9998233474410906,-0.018390129767753338
0.5459482881213773,-0.12342159288928316,0.046434508351211295,2.5387331408895097e-05,-0.003625552389198124,-0.9970349473455327,-0.07686461147398732
0.5461632755473883,-0.12301865358415749,0.04656712309037872,0.0002835424668762687,-0.0034866894205890296,-0.9976181977870979,-0.06888899799370529
0.5465339053957766,-0.12329677622613432,0.0466779918421078,0.00032947303725908476,-0.00337147473814859,-0.9991479627697366,-0.04113238503531447
0.546812281382778,-0.12324509872842238,0.04673346960424776,0.0004687473299371588,-0.0032493828190056553,-0.997767098511596,-0.06670861200015665
0.5465747508773873,-0.12389827275012184,0.04685576810394404,0.0006484689820689018,-0.003155853558074908,-0.9982201285922498,-0.059549936604253284
0.5470010757860966,-0.12395253054197453,0.046996507334161,0.0009028803882063633,-0.003090799019045889,-0.9978230148068181,-0.06587004547031772
0.3206040805461832,-0.06360809168165621,0.04635737688130012,0.0028302308875526173,-0.0014717489760176813,-0.7080168277247938,-0.7061883568897137
0.3081290566461455,-0.09510116703386227,0.0461521172493157,0.0016409106887023662,-0.002845030348275372,-0.7213653636487021,-0.6925469120156433
0.5460300297694451,-0.12247273823021998,0.046137017382805456,-0.0003253364263481565,-0.0032606301857435833,-0.9972015872897388,-0.07468772826794856
0.5460746777260952,-0.12309841588732277,0.04625650214281818,-4.81032002186551e-05,-0.0032785123666506963,-0.9950837079697021,-0.09898314591894819
0.546412395195474,-0.12300547944209618,0.04638340968325219,-7.472922287496582e-05,-0.003278138565158747,-0.9985973602188757,-0.052844681728478116
0.5464566550136911,-0.12334477892904071,0.04651125197455183,0.00010955471604696195,-0.0033595856367407816,-0.9989277565712738,-0.04617400062367666
0.5464567060328425,-0.1232758318869363,0.04662756678720112,0.000294195745430376,-0.0033453310058824057,-0.998502614949614,-0.05460082552588047
0.5460862172882177,-0.12354801543656459,0.04673504353857319,0.0004773683357136532,-0.003349211584227011,-0.9974014395166844,-0.07196473685966592
0.5461484990642944,-0.12389540506411578,0.0468749677882111,0.0004795912115490692,-0.0034450174496459176,-0.9999042597054364,-0.013393030648971183
0.5465148732133134,-0.12424926852397712,0.04698234340011381,0.0007029954375243422,-0.0035013260606800716,-0.9994685589168356,-0.032401330990190436
0.5468496221058246,-0.12427963916653875,0.04709399480213228,0.0008811329465539745,-0.003571722008860012,-0.9992362340691546,-0.038902633971429734
