x,y,z,r,p,y,w
0.5451891652220847,-0.12389767304226275,0.04670095095235241,0.003937200649676729,-0.00010419796932262075,-0.04406393161330119,-0.9990209494923544
0.5457057659977433,-0.12374424439123327,0.04670756851303692,0.0038280970558401406,3.7887429516303504e-06,-0.03082649043254504,-0.9995174201314295
0.5465684235778173,-0.12357353228314644,0.046670908950782214,0.0036963360455317777,-0.00010178839702968995,-0.06014633225333221,-0.9981827214771017
0.5471230615956112,-0.12369842563697345,0.04667875318145864,0.003583812795066298,8.625246841923286e-05,-0.012654504930222021,-0.999913502434752
0.5479114899956323,-0.12349747709422153,0.04660519500986107,0.0034603718409378726,-0.00014655229591905672,-0.052558202641165286,-0.9986118563707711
0.5481166671966908,-0.1232948359251068,0.04664014960070098,0.0033717654794664874,5.545726139994387e-05,-0.007799866445565962,-0.9999638944509321
0.5489247627669132,-0.12308774986060708,0.04659688001804155,6.44497329118838e-05,-0.00325566632611714,-0.9999078132267025,-0.013181863722537712
0.5495361665772527,-0.12297400081121225,0.04661381550491314,0.0032608442688788312,4.957110496127057e-05,-0.005338179647652541,-0.999980433946289
0.5500090543372487,-0.12280166305666661,0.04658057573271185,2.755891650819335e-05,-0.003188670723171649,-0.999994748589542,0.00057828441529445
0.5507892382334766,-0.12271257573328301,0.04650761278580265,-5.409019680092768e-05,-0.0031921395095224772,-0.9999905670065908,-0.0029450326722246234
0.5478069116107822,-0.12130046974482264,0.04607418714631753,-0.0006859407011104721,-0.003531163007032317,-0.9999748193964035,-0.006117266244208275
0.5479450867490057,-0.12179047609973494,0.04613888903511812,0.0035097196585518638,-0.0007085029764258748,-0.026802245971845717,-0.9996343428985994
0.5482178008636474,-0.12183689929306676,0.04629030922280533,0.003435989345900709,-0.0005203533938833583,-0.03624347243511583,-0.999336947138154
0.5481123437146173,-0.12238801441186467,0.046421667600062666,0.00346957693535867,-0.00023873375865765827,-0.008210198608778085,-0.9999602480503349
0.5479653078021877,-0.12294327828570545,0.046513171174485446,0.0033776782380318857,-0.0002911619827812811,-0.05984485920964844,-0.9982019331480967
0.5480989720071736,-0.1232546885758228,0.04661226757458073,0.0033699842014960663,1.670182900347702e-05,-0.004986674167282823,-0.999981887840115
0.5483648504974871,-0.12339250949203721,0.046740860351585894,0.003343450038688086,0.00014017699742367674,-0.03885844020392415,-0.9992391221910635
0.5486202860348689,-0.12395872884262892,0.046894387982344715,0.0032837853140843553,0.0003222214917574025,-0.04635480903186456,-0.9989195886591371
0.5487309605716548,-0.12435959951871589,0.046955556307369306,0.0032585543055016816,0.0004712070875387024,-0.028919338551672835,-0.9995763260729281
0.5489124492290383,-0.12445871358557388,0.047027473628784816,0.003237250572378724,0.000520135312210979,-0.05279749322139515,-0.9985998569885366
0.544746254410331,-0.12226518343757292,0.04615534626726686,-0.0006906219172630955,-0.004370037010031665,-0.9999772394738615,-0.005093756191071719
0.5451548644171232,-0.1220184438309252,0.046269196110321376,0.004047711772024213,-0.0006054056545000742,-0.016091878623851252,-0.9998621409753246
0.5459440516815748,-0.12258911966784042,0.046367694823884364,0.0038428530863949357,-0.00044832105343267236,-0.027173748571215406,-0.9996232384638615
0.5470299887535969,-0.12271541991553574,0.0464217735782311,-0.00020454719769258845,-0.003612207570334477,-0.9999749951025563,-0.006076124303820818
0.5477597322381076,-0.12303413451290357,0.04652777716368617,0.0035017541253366804,-0.00017074085373740755,-0.033729394320746175,-0.9994248528650682
0.5481833170979967,-0.12327223281675619,0.04664051404772654,0.0033807952253687807,2.364608746215275e-05,-0.026366415128295573,-0.9996466284731769
0.5491578938860027,-0.12321778012235664,0.04670080301956828,0.0032747471057458,-3.712603582747332e-05,-0.06717200118585609,-0.9977360356876661
0.5499529452679952,-0.1238454431018606,0.046841165268928286,0.003177141600027528,0.00014611510029675597,-0.08515246923653869,-0.9963628562951103
0.5507400813411589,-0.12391524425750455,0.04698802254957496,0.0031397419236965,0.0006060016684698098,-0.015862408847978737,-0.9998690708128593
0.5513604010571007,-0.12451520483361217,0.04713564992269367,0.003137767990857667,0.000654635187131421,-0.07355179033023174,-0.9972862477764466
0.5507179595204563,-0.12046315161156695,0.04589803387334351,-0.0008550944516075437,-0.0031785097798970145,-0.9999934882910415,0.0014796163599538614
0.5504883257686662,-0.12107521788770764,0.04612246843768386,0.0032125027686609035,-0.0006446626751124499,-0.018915176804808975,-0.9998157231822464
0.5500851713342533,-0.1213045466523086,0.04619709729660307,0.0032127264234300566,-0.0006334762388520148,-0.0447189431474207,-0.9989942408345313
0.5494723152168972,-0.12224422554065398,0.046372025223920726,0.0032551922524703828,-0.0004757460593454307,-0.05991175258665893,-0.9981982565057315
0.5488341323564727,-0.1228353310003618,0.046490067905621296,0.0033533928741549496,-0.00034016223882926125,-0.07454745388155265,-0.9972117709722752
0.5480885774476997,-0.12324475630846358,0.046596861398752826,0.0033552477730123646,-4.321320667568509e-06,-0.008680578693316843,-0.9999566939859234
0.5477225801920383,-0.12353188346725376,0.04670784411772791,0.00337216672928003,6.777355427277148e-05,-0.0255603708295985,-0.999667590422611
0.5474949339516979,-0.12389373401099865,0.04687529913532232,0.0034684006938733914,0.0002330152229959026,-0.04983989971018632,-0.9987511703609724
0.5468201486683495,-0.12445968132413447,0.04699329400813959,0.003554504520278154,0.00034202276462619806,-0.056526321783159694,-0.9983947232751738
0.5465003252195871,-0.12478072774287642,0.0470896302953151,0.0006958469123716153,-0.0035979119310657515,-0.9999817466191767,-0.004803879189793747
