x,y,z,r,p,y,w
0.007686009900323277,0.07336518386314655,-0.4,0.0,0.0,-0.6766968905061873,0.736261718670241
0.00766711004849138,0.057898201778017244,-0.4,0.0,0.0,-0.6864839737065506,0.7271449331763675
0.007613925276131466,0.042062935664736,-0.4,0.0,0.0,-0.6648634659068472,0.7469649066069535
0.007241379310344828,0.026551724137931037,-0.4,0.0,0.0,-0.6997135151347877,0.7144235415618099
0.007241379310344828,0.010689655172413794,-0.4,0.0,0.0,-0.6705944062104688,0.7418241990924997
0.007241379310344828,-0.004482758620689656,-0.4,0.0,0.0,-0.7031764710857578,0.7110153658757176
0.007241379310344828,-0.0203448275862069,-0.4,0.0,0.0,0.6961027140501448,0.7179422062339157
0.007241358263739224,-0.035862068965517246,-0.4,0.0,0.0,-0.7049581981286863,0.7092488554034866
0.007241379310344828,-0.05137931034482759,-0.4,0.0,0.0,0.7058668924196388,0.7083444996510116
0.007241379310344828,-0.06724137931034482,-0.4,0.0,0.0,0.7033690157225395,0.7108248924464491
0.08448275862068967,-0.005172413793103448,-0.4,0.0,0.0,0.7012907559977481,0.7128753576552544
0.06896551724137932,-0.005172413793103448,-0.4,0.0,0.0,-0.689454328090526,0.7243291582403965
0.05379310344827586,-0.005172413793103448,-0.4,0.0,0.0,-0.6826317620803297,0.7307625314690841
0.03827586206896552,-0.004827586206896552,-0.4,0.0,0.0,-0.702830188641761,0.7113576638610052
0.022579850821659486,-0.00452002163591056,-0.4,0.0,0.0,-0.6652199197629425,0.7466474793037102
0.007241379310344828,-0.004482758620689656,-0.4,0.0,0.0,-0.7051794196388644,0.7090289035841869
-0.007931034482758621,-0.004482758620689656,-0.4,0.0,0.0,-0.6807608331318769,0.7325057597545517
-0.02357019884832974,-0.004493881751751078,-0.4,0.0,0.0,-0.6752238001077717,0.7376129200115871
-0.03896551724137931,-0.004482758620689656,-0.4,0.0,0.0,-0.6879807117218036,0.725728971654543
-0.054137931034482764,-0.004482758620689656,-0.4,0.0,0.0,-0.6704762970303518,0.741930950372383
0.08482758620689655,0.07275862068965518,-0.4,0.0,0.0,0.7023231171756117,0.7118582998608164
0.06965517241379311,0.05758620689655173,-0.4,0.0,0.0,-0.6970161947589386,0.7170553843628603
0.05379310344827586,0.04206896551724138,-0.4,0.0,0.0,-0.6890832161075284,0.7246822208933411
0.03827586206896552,0.02620689655172414,-0.4,0.0,0.0,0.7012744418215032,0.7128914063501811
0.022723851697198278,0.010707776299838363,-0.4,0.0,0.0,-0.6844963735619553,0.7290162649629514
0.007241379310344828,-0.004482758620689656,-0.4,0.0,0.0,-0.6898609899600388,0.7239418585296442
-0.007931034482758621,-0.0203448275862069,-0.4,0.0,0.0,-0.6597448432209715,0.751489681794325
-0.023793103448275864,-0.035862068965517246,-0.4,0.0,0.0,-0.6461089383948638,0.7632452028845397
-0.03896551724137931,-0.05137931034482759,-0.4,0.0,0.0,-0.6974768050080129,0.7166073586531291
-0.054666263974946123,-0.06676189554148708,-0.4,0.0,0.0,-0.6549019409351994,0.7557138663272684
0.08448275862068967,-0.08310344827586208,-0.4,0.0,0.0,0.7065226609206545,0.7076904193258503
0.06896551724137932,-0.06758620689655173,-0.4,0.0,0.0,-0.6952599073933454,0.7187584164177813
0.05379310344827586,-0.05206896551724138,-0.4,0.0,0.0,-0.6765046293423768,0.7364383792812087
0.037971822804418104,-0.03619418440193966,-0.4,0.0,0.0,-0.665237081870642,0.7466321884999553
0.022583028859105604,-0.020359391837284482,-0.4,0.0,0.0,-0.6541523875453644,0.7563627792724199
0.007241358263739224,-0.004482737574084052,-0.4,0.0,0.0,-0.7025579320981692,0.7116265537808045
-0.007931034482758621,0.01103448275862069,-0.4,0.0,0.0,-0.6904257616946737,0.723403253786109
-0.02310344827586207,0.026551724137931037,-0.4,0.0,0.0,-0.6726258532306203,0.7399827441000094
-0.03847548912311423,0.042377845501077586,-0.4,0.0,0.0,-0.6676250301273684,0.7444976958644199
-0.05364004200902479,0.05788376380657328,-0.4,0.0,0.0,0.7021558831387573,0.7120232550792367
