x,y,z,r,p,y,w
-0.12389767304219076,-0.3418791652221108,-0.1790757490476476,0.0027103421875849035,-0.002857700368972103,0.6752565830838839,-0.7375723927830439
-0.12374424439116113,-0.34239576599776944,-0.17906913148696307,0.002709552433058376,-0.002704194341391265,0.6849679252639057,-0.7285631661141242
-0.12357353228307419,-0.3432584235778433,-0.17910579104921778,0.002541729017554267,-0.0026856795491253223,0.6632918918197923,-0.7483516506196016
-0.12369842563690106,-0.3438130615956373,-0.17909794681854135,0.0025951280352080725,-0.0024731486245809027,0.6980975319228105,-0.7159937044203967
-0.12349747709414899,-0.3446014899956584,-0.17917150499013892,0.002343224271911593,-0.002550480516396723,0.668960953918436,-0.743289476907674
-0.12329483592503424,-0.3448066671967168,-0.17913655039929902,0.002423412440703646,-0.0023449840294992737,0.701565912251879,-0.7125965891640461
-0.12308774986053433,-0.34561476276693903,-0.17917981998195845,-0.002256530893290222,-0.002347676579666016,-0.6977206100672052,-0.716362580520823
-0.12297400081113935,-0.34622616657727867,-0.17916288449508685,0.002340817159386775,-0.0022707130304482404,0.7033182828691654,-0.7108676089254086
-0.12280166305659362,-0.34669905433727455,-0.17919612426728815,-0.0022352435945803485,-0.002274217788071018,-0.7075119767101854,-0.7066941590470182
-0.12271257573320987,-0.34747923823350246,-0.17926908721419735,-0.002295431038630261,-0.0022189359487234345,-0.7050176584796697,-0.7091825636262127
-0.12130046974475009,-0.34449691161080775,-0.17970251285368247,-0.0029819426289944893,-0.0020118759865008764,-0.7027634153674618,-0.7114145362545193
-0.12179047609966237,-0.3446350867490313,-0.17963781096488188,0.0019807593115044823,-0.002982733829747137,0.6878961726927598,-0.7258002724483525
-0.12183689929299413,-0.3449078008636729,-0.17948639077719467,0.0020616659531430583,-0.0027975567799992614,0.6810099268789558,-0.7322659371443409
-0.12238801441179203,-0.344802343714643,-0.17935503239993733,0.0022845511191958486,-0.0026221716384852976,0.7012731852021435,-0.712884159424603
-0.12294327828563287,-0.34465530780221354,-0.17926352882551455,0.0021824965743304846,-0.002594261799226711,0.6635186501561645,-0.7481520616889065
-0.1232546885757502,-0.3447889720071995,-0.17916443242541927,0.0023947486579162275,-0.002371128704822572,0.7035678628361426,-0.7106200850747983
-0.12339250949196451,-0.34505485049751305,-0.1790358396484141,0.00246329630035966,-0.00226505608946986,0.6790916927535902,-0.7340458259027924
-0.12395872884255618,-0.345310286034895,-0.17888231201765528,0.0025498318654157697,-0.0020941418616838717,0.6735650151938358,-0.7391206148080623
-0.12435959951864314,-0.34542096057168103,-0.1788211436926307,0.002637339573226847,-0.0019709521193428023,0.6863581380823092,-0.7272562588770928
-0.12445871358550106,-0.34560244922906447,-0.17874922637121518,0.002656873038528196,-0.001921290625729783,0.6687832650819333,-0.7434501960550806
-0.12226518343750103,-0.34143625441035663,-0.17962135373273314,-0.003578426244762091,-0.002601739362897162,-0.7034888575198287,-0.7106925166085153
-0.12201844383085322,-0.3418448644171489,-0.17950750388967862,0.0024340779986216014,-0.0032902508859523638,0.6956306236383201,-0.7183879766323811
-0.12258911966776828,-0.34263405168160055,-0.17940900517611563,0.002400296619462893,-0.003034318333524199,0.6876256286644126,-0.7260551124344907
-0.12271541991546336,-0.34371998875362275,-0.1793549264217689,-0.002698853178597772,-0.0024095797574760405,-0.7027926313555131,-0.7113855687524924
-0.12303413451283107,-0.34444973223813347,-0.17924892283631383,0.0023553820725705065,-0.0025968461035765877,0.6828498072976658,-0.7305503741968438
-0.12327223281668356,-0.3448733170980227,-0.17913618595227346,0.0024073035384546354,-0.002373862920868095,0.6882130388507789,-0.7255007807165225
-0.12321778012228388,-0.34584789388602866,-0.17907589698043172,0.0022893438134519405,-0.002341847956835815,0.658008139124463,-0.7530036942133909
-0.12384544310178763,-0.3466429452680213,-0.1789355347310717,0.002349897348423157,-0.0021432593919155068,0.6443230437766542,-0.7647468206406733
-0.12391524425743139,-0.347430081341185,-0.17878867745042504,0.002648640694607044,-0.0017916249162358475,0.6957977834080302,-0.7182306171328976
-0.12451520483353892,-0.3480504010571269,-0.17864105007730632,0.0026816340041496823,-0.0017558400441013101,0.653178898875815,-0.7571968382977996
-0.12046315161149382,-0.34740795952048176,-0.17987866612665648,-0.0028521889047194524,-0.0016429027341465538,-0.7081484234747382,-0.7060559299512333
-0.12107521788763459,-0.3471783257686917,-0.17965423156231614,0.001815737143151097,-0.002727427841450366,0.6936014280129997,-0.7203515275851945
-0.12130454665223553,-0.3467751713342788,-0.17957960270339693,0.0018238052958920738,-0.0027196759843172128,0.6747745341132895,-0.7380166700075119
-0.12224422554058109,-0.346162315216923,-0.17940467477607927,0.0019653652511020655,-0.0026381717804734445,0.6634687496169156,-0.7481967626706585
-0.12283533100028901,-0.3455241323564985,-0.1792866320943787,0.0021306758155181177,-0.002611737867077156,0.652422195373625,-0.7578482156934482
-0.12324475630839099,-0.34477857744772566,-0.17917983860124717,0.002369462817710636,-0.0023755740880055747,0.7009380631515849,-0.7132142552690693
-0.12353188346718122,-0.34441258019206433,-0.1790688558822721,0.002432405101377207,-0.002336558821753922,0.6887978205769162,-0.7249456436635688
-0.12389373401092615,-0.344184933951724,-0.17890140086467768,0.002617296294810341,-0.002287763006209628,0.6709815942214361,-0.7414658563390453
-0.12445968132406213,-0.3435101486683757,-0.1787834059918604,0.0027552608662345128,-0.0022715676338592736,0.6660015336802584,-0.7459418245772171
-0.12478072774280413,-0.34319032521961335,-0.1786870697046849,-0.002052069854162569,-0.0030361459949744853,-0.7036970185461585,-0.7104907296482178
