x,y,z,r,p,y,w
0.011059801825161638,0.07086585735452587,-0.4,0.0,0.0,-0.7053124713758427,0.7088965493791749
0.010995630724676724,0.055731032799030175,-0.4,0.0,0.0,0.7060331678136103,0.7081787669417083
0.012758620689655173,0.040344827586206895,-0.4,0.0,0.0,0.6897886422698108,0.7240107934247741
0.010805243130387932,0.02440482304014009,-0.4,0.0,0.0,-0.685009542164647,0.728534094702081
0.01077062146417026,0.00828533304148707,-0.4,0.0,0.0,0.6973522217781436,0.7167285949235503
0.010709670494342672,-0.007845185378502156,-0.4,0.0,0.0,-0.6809725518237046,0.732308940040139
0.010595219053071122,-0.023721103010506468,-0.4,0.0,0.0,-0.6883548245045437,0.7253741348995834
0.010556345972521551,-0.03953579606681035,-0.4,0.0,0.0,-0.7046909657375712,0.7095143711073436
0.010430129478717673,-0.05479281721443966,-0.4,0.0,0.0,0.7054541342389797,0.7087555745707623
0.010328642746497845,-0.07113565379175647,-0.4,0.0,0.0,0.7054304431359111,0.7087791545305717
0.08787803912984914,-0.008140658674568967,-0.4,0.0,0.0,-0.6897085288402738,0.7240871116412618
0.07255358465786638,-0.007932939200565732,-0.4,0.0,0.0,0.6970500146681298,0.7170225080505912
0.05690703293372845,-0.00795988937904095,-0.4,0.0,0.0,0.6713161200927418,0.7411711454877528
0.04388088884024785,-0.008030374461206897,-0.4,0.0,0.0,-0.6256815070226164,0.7800786189672857
0.026319706357758623,-0.00774102572737069,-0.4,0.0,0.0,-0.6911176439960826,0.7227422792097499
0.010695211476293105,-0.007801450532058191,-0.4,0.0,0.0,-0.6685374841852303,0.7436784468029735
-0.005506276097790948,-0.007646379141971983,-0.4,0.0,0.0,-0.6906822525831632,0.7231583685242449
-0.02153031974003233,-0.007390020962419181,-0.4,0.0,0.0,0.7016620801319787,0.7125098773384582
-0.02153031974003233,-0.007390020962419181,-0.4,0.0,0.0,0.7016620801319787,0.7125098773384582
-0.05242568443561423,-0.007484972723599138,-0.4,0.0,0.0,-0.683618145966309,0.7298398663443827
0.08690292884563579,0.07066923996497845,-0.4,0.0,0.0,-0.7025772552790757,0.7116074763270271
0.07267826474946121,0.055467266214304964,-0.4,0.0,0.0,-0.6945893723709579,0.719406424623327
0.05720431623787716,0.04001445901804957,-0.4,0.0,0.0,-0.7018988058719501,0.7122766782055485
0.04180289432920259,0.024131848565463365,-0.4,0.0,0.0,0.6711090597751403,0.7413586378317361
0.02638133081896552,0.008243355586610992,-0.4,0.0,0.0,-0.6994793393219624,0.7146528205091693
0.010709565261314656,-0.007851352033943966,-0.4,0.0,0.0,-0.6793274017325849,0.733835322981427
-0.0055417185816271555,-0.023774035223599138,-0.4,0.0,0.0,-0.6714645327704389,0.7410366935795933
-0.021713025323275865,-0.03957803660425647,-0.4,0.0,0.0,0.6750418910081788,0.737779401572111
-0.0376318148908944,-0.055546222555226295,-0.4,0.0,0.0,0.6684173370545462,0.7437864367712745
-0.05300872802734375,-0.07003138048895476,-0.4,0.0,0.0,-0.7061648381183301,0.7080474711524029
0.07275862068965518,-0.06689655172413794,-0.4,0.0,0.0,0.6790733546044814,0.7340704183293427
0.07238765321928879,-0.07106005438442888,-0.4,0.0,0.0,-0.6964717559989739,0.7175842062752675
0.05678938240840518,-0.05589201828529095,-0.4,0.0,0.0,-0.6909030158391702,0.7229474550092415
0.04136600889008621,-0.039990865773168106,-0.4,0.0,0.0,-0.6742792594499344,0.7384764588500083
0.026292472050107762,-0.023834923053609916,-0.4,0.0,0.0,0.6657984974487205,0.746131597504774
0.01070152545797414,-0.007801555765086207,-0.4,0.0,0.0,-0.6694915576589034,0.742819664672022
-0.00532879007273707,0.008231601057381466,-0.4,0.0,0.0,-0.6866957529296087,0.7269449380169297
-0.021316212621228448,0.024222980367726292,-0.4,0.0,0.0,-0.6805213270005889,0.7327282739852186
-0.03678351040544181,0.040372356546336204,-0.4,0.0,0.0,-0.6848090418774528,0.7287225646039
-0.05186760211813039,0.056000113651670264,-0.4,0.0,0.0,-0.6592641081231841,0.7519114547209282
