x,y,z,r,p,y,w
-0.1205810146453474,-0.34445505771503404,-0.17906869594964128,0.0029043235872998675,-0.0026965079502428,0.703968420988341,-0.7102202165529762
-0.12040329210915032,-0.3445814828600897,-0.17907274485085367,-0.0025886551805289846,-0.0028042352734512677,-0.7074655311383766,-0.706737544906157
-0.11839081166348125,-0.3450668035656246,-0.1790806623342497,-0.0023765552011611474,-0.002805760964862887,-0.6912925974727103,-0.7225655848227323
-0.12001833478670473,-0.34600511660889477,-0.17911498294169284,0.0025200554601166763,-0.0024430040790974195,0.6833913190991956,-0.730043824733426
-0.11990205592008582,-0.3470300222902136,-0.17914720687485433,-0.0023202550543925875,-0.0025119313171032545,-0.6989278897158017,-0.7151839704544258
-0.11978218036990015,-0.34825872322981555,-0.17911466930246248,0.0024033035016853476,-0.0023439147135833637,0.6793110328032788,-0.7338427971356238
-0.11972091830063653,-0.3490377624941525,-0.179178680342138,0.002302889106862339,-0.002344833668225229,0.6866785819418307,-0.7269537286232094
-0.11963846992842281,-0.34989618621639973,-0.17915599013315545,0.002349317297023099,-0.0022399377957323698,0.7030552338117679,-0.7111278377315778
-0.1196015845909845,-0.3501321086697543,-0.17918654793245417,-0.0021956722715422744,-0.002303663425634495,-0.7070734874838961,-0.7071329121568721
-0.1195726210518768,-0.3515412077817447,-0.17917835635460103,-0.0021697615527194293,-0.002316903992506336,-0.7070820799895782,-0.7071243569898478
-0.11789787058146103,-0.3474361491189727,-0.17972186462064127,0.0019132043260266937,-0.0030528327406142155,0.6882006033538474,-0.725511508802489
-0.1181404970056279,-0.3475291880015319,-0.17956248063761585,-0.0027836994546977228,-0.0021863482510054095,-0.6986015718613215,-0.7155021416400944
-0.11871437195998871,-0.3476894155423964,-0.1794811901403465,-0.0026096376046205387,-0.0023071575512618042,-0.6729405234469429,-0.7396883929862369
-0.11671309202531013,-0.3479823405044179,-0.17938189484698203,0.001985267064172799,-0.0028191074553054214,0.6239387356650228,-0.7814656521463832
-0.1192304736464121,-0.3479889203238088,-0.17923012260466079,0.0023714136465875593,-0.0024385155895732106,0.6894965227226734,-0.7242810056824482
-0.1197747698158439,-0.34820709472359324,-0.17913634015045235,0.0023488327893713737,-0.002407309357141645,0.6668544816483256,-0.7451803728975488
-0.1209065900363398,-0.3483057232683302,-0.1789808339728481,0.0025200965793753583,-0.0021252244325527495,0.6890657215113445,-0.7246913577326499
-0.12185840742276921,-0.3482363175258958,-0.17886945730572856,-0.0019177239507731669,-0.0026622726226202074,-0.7032864795778,-0.7108989817705438
-0.10686533431337394,-0.3482601062597971,-0.1789514981688257,-0.0018945727623815088,-0.0026937668593154263,-0.703292764842719,-0.7108927071886726
-0.12270232996654759,-0.3486448381127045,-0.1786849901888796,0.002724118866958969,-0.0018151364545755217,0.6819329973134953,-0.7314073226534455
-0.12008433118491041,-0.3435467953471504,-0.17963037450160424,0.0025086795516415907,-0.0035323794564220525,0.7013933458753229,-0.7127612525832925
-0.11900923754033882,-0.34398348107626364,-0.17950510131294653,0.0024513840809421215,-0.003263398301044566,0.6932508971019092,-0.720684767852779
-0.11916586965683401,-0.34467439487412677,-0.1794303182594529,0.002444469228820646,-0.002980272032147319,0.7004839723416791,-0.7136577240114655
-0.119161872311313,-0.3458702452446075,-0.17932071262711716,-0.0025248944539341964,-0.0025838216391300085,-0.6726921398900054,-0.7399136663854361
-0.11934564244637091,-0.3470320179045786,-0.1792221466192955,0.0024759550451064873,-0.00246433147363705,0.6978926803343825,-0.7161938309233706
-0.11976938022604064,-0.3482109829329696,-0.17912646477537122,0.0023661432309104403,-0.0023930268738313345,0.677642432516063,-0.7353838510888747
-0.12077762599390712,-0.3493122317417362,-0.17905015553826722,0.0023450943111760006,-0.0022533571733442948,0.6697375451038263,-0.7425907645482948
-0.12171319884406234,-0.35042195309828994,-0.17890328862759902,-0.0017733078787026135,-0.002623410692896731,-0.6767802277772662,-0.7361783047504559
-0.12253670994451635,-0.35163694433442116,-0.178758901681654,-0.0015418844004551364,-0.0027603383635253186,-0.6700984996251879,-0.7422654538133155
-0.12278249604526317,-0.35135353391567803,-0.17863136227471546,0.002788304565890926,-0.0015263759904980338,0.7045340973697993,-0.7096630194517013
-0.13225770426185945,-0.33132809453032097,-0.17970614387479164,-0.0027366326779003887,-0.001797645654645902,-0.680756765892449,-0.7325022218419135
-0.11761228307185834,-0.3506834494411255,-0.17963587912765414,0.00184338026267749,-0.002677223197545992,0.6948193322672576,-0.7191769809531177
-0.11830243106545496,-0.3506114563893813,-0.1795540275655195,0.0019059578349412036,-0.0026351309959071665,0.6892303403751272,-0.7245349966121386
-0.11883623986590255,-0.3499461935700934,-0.179407484134433,0.002006146293701949,-0.002576880081230786,0.6725868731052747,-0.7400109682920679
-0.11902897040423155,-0.348945907393061,-0.17930135988689547,-0.00228876359557225,-0.0023859144778390017,-0.6675045066869681,-0.7445984169509726
-0.11977414441379847,-0.34817810012525396,-0.17915327249058036,0.0023269800218775403,-0.0024179438523799627,0.6678006417365879,-0.7443326149025745
-0.1209157157656254,-0.34725775519349855,-0.1790519171739982,0.0024638907158431814,-0.002322943651933854,0.6850466238853724,-0.7284913563513178
-0.12207312533876741,-0.34653218411403663,-0.17886983667553213,0.0026592678295742343,-0.0022103781047509083,0.67889402819831,-0.7342281259934935
-0.12275556658531772,-0.3455789885508692,-0.1787681915141597,0.002845999615774186,-0.0021496384859424015,0.683244036416691,-0.730181392560502
-0.12300775509838052,-0.34509859051337544,-0.1786624609210011,0.002913664181112391,-0.002234069397500443,0.657634891412237,-0.7533278629469257
