x,y,z,r,p,y,w
0.5477650577150086,-0.12058101464541991,0.046708004050358715,0.003960385960479913,0.000146947846199238,-0.004420687038240223,-0.9999823754824304
0.5478914828600644,-0.12040329210922289,0.046703955149146326,0.00015243814559377095,-0.0038133494102056513,-0.9999925850459646,0.0005147640013076771
0.5483768035655996,-0.11839081166355395,0.046696037665750284,0.0003034943060374652,-0.003664450903248297,-0.999748708337191,-0.02211334142326682
0.5493151166088696,-0.1200183347867776,0.046661717058307156,0.0035094130556108747,5.448355401813554e-05,-0.032988303093202775,-0.9994495749714334
0.5503400222901884,-0.11990205592015889,0.046629493125145666,0.0001355355851548471,-0.003416871751241941,-0.9999280856826895,-0.011494784925902446
0.5515687232297903,-0.11978218036997353,0.04666203069753752,0.0033567901917888098,4.199421479301004e-05,-0.03855978034936269,-0.9992506560095433
0.5523477624941273,-0.11972091830071,0.046598019657862005,0.0032864362913395755,-2.9659283773941216e-05,-0.02847882933158058,-0.9995889929049504
0.5532061862163745,-0.11963846992849646,0.04662070986684455,0.003245093396682298,7.734298708513563e-05,-0.005708192973425452,-0.9999784397275209
0.5534421086697292,-0.11960158459105823,0.046590152067545826,7.636127736643586e-05,-0.003181510782308404,-0.9999949351833999,-4.201958933636174e-05
0.5548512077817196,-0.11957262105195082,0.04659834364539897,0.0001040454169733212,-0.003172551631945188,-0.9999949615858179,-2.9894353684167818e-05
0.5507461491189478,-0.11789787058153417,0.04605483537935873,0.003511518485445453,-0.0008058389799880804,-0.02638279425483947,-0.9996454211513053
0.550839188001507,-0.11814049700570109,0.04621421936238415,-0.0004223910868811516,-0.0035143544355232827,-0.9999223251179288,-0.011950507496591989
0.5509994155423714,-0.11871437196006195,0.0462955098596535,-0.0002138856969039959,-0.0034766991964295503,-0.9988794861101012,-0.04719787118109492
0.5512923405043932,-0.1167130920253834,0.04639480515301797,0.0033972058020828484,-0.0005896141949974778,-0.11138835086327226,-0.9937709729307853
0.5512989203237837,-0.11923047364648545,0.04654657739533921,0.0034011335799167064,-4.744823891630521e-05,-0.024596343780819596,-0.9996916774244209
0.5515170947235679,-0.11977476981591721,0.04664035984954765,0.0033631003640864935,-4.134917761122801e-05,-0.055384768844700616,-0.9984594209211539
0.5516157232683047,-0.12090659003641317,0.04679586602715188,0.0032847379883227494,0.00027921677271961105,-0.025191128956064957,-0.9996772176839184
0.5515463175258701,-0.12185840742284257,0.046907242694271434,0.0005264754147861388,-0.003238546634857662,-0.9999801295748396,-0.005382851922391907
0.5515701062597747,-0.10686533431344732,0.04682520183117431,0.0005651155654258909,-0.0032444460608888805,-0.999980137128895,-0.005373970769555925
0.5519548381126788,-0.12270232996662098,0.0470917098111204,0.003209738219394228,0.0006427476277753043,-0.03498363094240303,-0.9993825243729925
0.5468567953471251,-0.12008433118498271,0.04614632549839576,0.004271673790149804,-0.0007238651445707373,-0.008038323920996071,-0.9999583062162268
0.5472934810762385,-0.11900923754041125,0.04627159868705347,0.004040961375308137,-0.0005741807614547696,-0.019398676042029994,-0.9998034968509724
0.5479843948741017,-0.11916586965690658,0.04634638174054709,0.003835871331812871,-0.00037886979561145627,-0.009315249139268289,-0.9999491830499572
0.5491802452445824,-0.11916187231138585,0.04645598737288284,4.166781224781415e-05,-0.003612407792562549,-0.9988631447608501,-0.04753279722673537
0.5503420179045535,-0.119345642446444,0.046554553380704494,0.003493310098408038,8.219106207277846e-06,-0.01294086768488445,-0.9999101612947858
0.5515209829329444,-0.11976938022611396,0.04665023522462877,0.003365241453883199,-1.9009606212716046e-05,-0.04082934862806076,-0.9991604671318816
0.5526222317417107,-0.12077762599398073,0.04672654446173277,0.003251596227661654,6.486795224710205e-05,-0.05151500550035015,-0.9986669250167544
0.5537319530982643,-0.12171319884413614,0.046873411372400975,0.0006011134646221009,-0.0031089495169467907,-0.9991125598857409,-0.04200078301728816
0.5549469443343954,-0.12253670994459041,0.04701779831834599,0.0008615770598502284,-0.003042130890585802,-0.9986921289798016,-0.05102974268410909
0.5546635339156522,-0.12278249604533717,0.047145337725284536,0.003050939880076473,0.0008923182530330719,-0.0036266955841849913,-0.9999883712389476
0.5346380945302931,-0.13225770426192918,0.046070556125208356,-0.0006639640915897555,-0.0032062189567306438,-0.9993250137997998,-0.03658956279756126
0.5539934494411007,-0.1176122830719322,0.04614082087234586,0.0031965493617793334,-0.000589615993690347,-0.017223458559425975,-0.9998463816509066
0.5539214563893564,-0.11830243106552871,0.0462226724344805,0.0032110347062633193,-0.0005156032867786001,-0.024964161832545517,-0.9996830567901829
0.5532561935700684,-0.11883623986597627,0.046369215865567,0.003240689028071695,-0.0004035697314142639,-0.047676034921843635,-0.9988575127415451
0.552255907393036,-0.11902897040430506,0.04647534011310453,6.869604764872788e-05,-0.003305496565573169,-0.9985075530377316,-0.05451362673596982
0.5514881001252288,-0.11977414441387178,0.04662342750941964,0.0033551678477014187,-6.432114139131987e-05,-0.054116277203150875,-0.9985290017086008
0.5505677551934731,-0.1209157157656985,0.04672478282600179,0.003384803041871972,9.966462467826242e-05,-0.030720064933400182,-0.9995222912901028
0.549842184114011,-0.12207312533884035,0.04690686332446786,0.003443359662138843,0.0003174129684271748,-0.03912711578170869,-0.9992282578739704
0.5488889885508434,-0.12275556658539048,0.04700850848584029,0.003532449578077743,0.0004924016770584089,-0.033189722820151646,-0.9994427055312816
0.5484085905133496,-0.12300775509845316,0.04711423907899889,0.0036399973211788793,0.00048054607995062933,-0.06766514908396465,-0.99770133160902
