x,y,z,r,p,y,w
0.5488421336616783,-0.12093044789935968,0.046677791825464,0.00014356001438668416,-0.003932010538629285,-0.9999017276083919,-0.013455623709064335
0.5338980448524354,-0.120762307223997,0.046701331136916324,0.0001976614844066732,-0.0037810135178067156,-0.9999043598603039,-0.01330172917599437
0.5416253422451731,-0.11795959033579212,0.046649842947460385,0.0003177622749924601,-0.003641391164006293,-0.9987868151742184,-0.0491074040412251
0.527044742183664,-0.11972704662063952,0.04663606554220259,0.003495668825736801,8.810889612837977e-06,-0.014132476563659402,-0.9998940210482339
0.5121416095290104,-0.11961521412628263,0.0466091243413565,0.0034122860710042936,6.575717651987776e-05,-0.014096557778604912,-0.9998948139872303
0.5731353861650919,-0.11639316756235604,0.04662506305450573,0.00027371829974373574,-0.003275328184832246,-0.9994413231586614,-0.03326016936876286
0.5461691983914785,-0.11687570428971607,0.04657283782493907,0.0032644707623144384,-3.3434565829500596e-05,-0.025525892102789438,-0.9996688306359908
0.5727402866166341,-0.11681156771854204,0.04655240501734351,0.0031442347342766955,-0.0005452386781867175,-0.18373987500721622,-0.9829697222371866
0.5577501105046021,-0.11676471199244938,0.04654797074254599,0.0031256734147111684,-0.0005384064386216082,-0.18373308860956256,-0.9829710537112482
0.5427812448632976,-0.11672138689571257,0.04653834998223466,0.003103115991798777,-0.0005188030354502909,-0.183738325141882,-0.9829701569165812
0.5478143069671599,-0.12536676523819235,0.04610052452542876,0.0034810525996627284,-0.0007899759221642523,-0.0231364206590825,-0.9997259445717747
0.525286699956941,-0.11977107574168391,0.046202376342284274,-0.00046933895674535126,-0.0035087604003914783,-0.999920407945019,-0.012109752122252015
0.5819245280176985,-0.114999586831805,0.04623807580944769,0.0033874768206992706,-0.0006442686758056794,-0.08194706334609375,-0.9966307183343357
0.5792319483111628,-0.11804588932538407,0.04641700060823789,0.0034176229742839204,-0.0003750742803801134,-0.07326838401493463,-0.9973063336188788
0.5469232207505905,-0.12452889730501909,0.04654146665683953,0.003369185977521338,-0.00013273931294899375,-0.017757421737569723,-0.9998366391262916
0.5462245829310406,-0.11661308403830634,0.046592510338259424,0.00014757191806639828,-0.0032860603867826913,-0.9998779892900911,-0.015270447369635398
0.5262225074393679,-0.11965308171134156,0.04671706875129847,0.003271993710485194,0.0002141981980621902,-0.012993748970207109,-0.9999102013000913
0.5264349931133702,-0.10467716777639943,0.046749661890379296,0.0032566878639831934,0.00045628385549622316,-0.01292290506511462,-0.9999110882042854
0.526415117715111,-0.08962739337722135,0.04665807522479795,0.003224907221612961,0.0004609706155904211,-0.012955276116653591,-0.9999107701691412
0.5756228116062936,-0.11780940019410482,0.04703687161358441,0.003214178068040521,0.0004685878290139555,-0.07741326325028286,-0.9969937994580189
0.5471469103302171,-0.1213407231964718,0.046134082563156514,0.004290118919902434,-0.000783413438510047,-0.011946306375031024,-0.9999191301835527
0.5471599674736003,-0.12145862767648863,0.04629605333950407,-0.0004445379683111455,-0.004058905386145072,-0.999945165973009,-0.009643273317309742
0.5334683594328054,-0.12188763876941677,0.04635787013372575,0.0038041903432780243,-0.00054702114263992,-0.043506330203664956,-0.9990457587798022
0.5185947586864637,-0.10658394170930185,0.04633291330631631,0.0035703902446438036,-0.00041870562852806955,-0.043636665225781246,-0.9990409993824427
0.5336465822573764,-0.12026782087952832,0.04653144560197256,0.0034610965411820327,-3.466978338026233e-05,-0.003798331990917503,-0.9999867960542403
0.5740486765655576,-0.11761652115623694,0.04661723416325203,0.0004328212337618171,-0.0033245022022125124,-0.9961831857231154,-0.08722282289304945
0.5346321829428734,-0.11568992996107991,0.04664495712666286,0.0032275004091913803,1.4275043527151293e-05,-0.0550546591654924,-0.99847812572009
0.5737138013411518,-0.12909479894807524,0.046904661871978975,0.000595081272150774,-0.003114306235660985,-0.9988608266920063,-0.04761298011165349
0.5480968592738872,-0.11951338947484491,0.04695044207114596,0.0007226442865714722,-0.0030803596298760554,-0.9997840938073743,-0.020536673040008557
0.5817219444233853,-0.1177450892061005,0.0471381895704969,0.001098075271442813,-0.002956944206923583,-0.9977726349518952,-0.06663197170132984
0.5469518119009172,-0.12286365265618306,0.04594458186085151,0.003127961125255428,-0.0008533960632459408,-0.007897662368190561,-0.9999635565876775
0.548021295454517,-0.12519596530440064,0.046054632600732504,0.003115436776691089,-0.0007938089004009689,-0.021328269074144313,-0.9997673573684134
0.5732476547254097,-0.1191125178188484,0.04618274616428655,0.0031400613358441047,-0.0008325652834752066,-0.12312696972173381,-0.9923856086103822
0.5479779118411942,-0.1204083194393922,0.04642204649300155,-3.961186034328397e-05,-0.003239680042004797,-0.9988343009677465,-0.04816162491444842
0.5322761120726949,-0.12020491748560846,0.04649116017568278,0.0032630422633518202,-7.507191950891856e-05,-0.0046038761029768005,-0.9999840754953164
0.5729050362820644,-0.11686529171032572,0.04658139215772797,0.0003286815609706609,-0.0033431249202886155,-0.9973134500974628,-0.07317511693803541
0.5879395453007403,-0.10187755317381728,0.04658283177854056,0.00041481878488550637,-0.0033072940889696915,-0.9973087922206171,-0.07323976167792123
0.5812876071296077,-0.12098523323795657,0.046894948260006425,0.003455579115441896,0.0003613300335759478,-0.020045931364638225,-0.9997930231049363
0.581891376258729,-0.12146557303277564,0.04701830826953407,0.0007809902988937547,-0.0033965320870511326,-0.9982157166260046,-0.05960903207373014
0.5493620038636043,-0.11789320247991406,0.04704353407121012,0.0035165738895099603,0.00065185180230446,-0.011048087056643285,-0.9999325720115811
