x,y,z,r,p,y,w
-0.12093044789928692,-0.34553213366170377,-0.179098908174536,-0.002678839055881371,-0.0028818635752420815,-0.6975227293423395,-0.7165518548817384
-0.12076230722392742,-0.33058804485246085,-0.17907536886308367,-0.0025338125221954777,-0.002813348074202756,-0.6976334104934376,-0.7164448962969939
-0.11795959033572084,-0.338315342245198,-0.1791268570525396,-0.0023501605255688974,-0.0027995442444743055,-0.6715247515654648,-0.740973108373352
-0.11972704662057129,-0.32373474218368925,-0.1791406344577974,0.002478041371254691,-0.002465580891667123,0.6970386727378917,-0.7170250127642875
-0.11961521412621753,-0.30883160952903566,-0.1791675756586435,0.0024593479655846727,-0.0023663532747263917,0.6970646318469171,-0.717000175040345
-0.11639316756227816,-0.3698253861651164,-0.17915163694549427,-0.002122458704222395,-0.002509554835990178,-0.6831932456995568,-0.7302302283075385
-0.11687570428964389,-0.34285919839150314,-0.17920386217506093,0.002284687604793935,-0.002331971221241585,0.6888230776817404,-0.7249221404853263
-0.11681156771846427,-0.36943028661665867,-0.1792242949826565,0.0018377677355385907,-0.002608851668960158,0.5651408447029136,-0.8249882678870024
-0.11676471199237476,-0.35444011050462676,-0.179228729257454,0.0018294740235332138,-0.0025908957111004244,0.5651465849050523,-0.8249844106735396
-0.11672138689564107,-0.33947124486332225,-0.17923835001776534,0.001827385216142538,-0.002561083505076207,0.5651422479879489,-0.8249874793314622
-0.12536676523811985,-0.34450430696718637,-0.17967617547457124,0.001902878567352454,-0.003020073230424814,0.6905530747943305,-0.7232729146753228
-0.1197710757416161,-0.3219766999569663,-0.17957432365771572,-0.0028129410316650714,-0.002149195513686279,-0.6984876132606846,-0.715613388948801
-0.11499958683172526,-0.37861452801772266,-0.1795386241905523,0.0019397410814607275,-0.0028508745805967696,0.646779015082602,-0.7626696634634433
-0.11804588932530488,-0.37592194831118764,-0.1793596993917621,0.0021514068135499377,-0.002681841947760314,0.6533935002385824,-0.7570106426058116
-0.12452889730494673,-0.34361322075061673,-0.17923523334316047,0.002288513383467949,-0.002476235120100001,0.694434874277867,-0.7195476609320658
-0.11661308403823412,-0.34291458293106525,-0.17918418966174057,-0.002219246478904819,-0.0024279446868602198,-0.6962226696994476,-0.7178183434729417
-0.11965308171127356,-0.32291250743939315,-0.17905963124870153,0.0024651099390517552,-0.0021621879423158403,0.6978553159069558,-0.716231251926843
-0.10467716777633146,-0.32312499311339227,-0.1790270381096207,0.0026254674811979793,-0.00198018466446285,0.6979060372486223,-0.7161817848571163
-0.08962739337715328,-0.32310511771512984,-0.17911862477520205,0.0026063092133119226,-0.0019543983168879946,0.697882922573758,-0.7162044497623665
-0.11780940019402647,-0.37231281160631835,-0.17873982838641558,0.0026041087393299835,-0.0019414254763750042,0.6502416329995716,-0.7597205197958288
-0.12134072319639938,-0.34383691033024266,-0.17964261743684348,0.002479615225516971,-0.0035875291352025812,0.6986022833429525,-0.7154969118389345
-0.12145862767641627,-0.34384996747362584,-0.17948064666049593,-0.0031844153346252155,-0.0025557437108504164,-0.7002491837187925,-0.7138868316296537
-0.12188763876934725,-0.330158359432831,-0.17941882986627425,0.0023031664292434938,-0.0030767711480691297,0.6756684096372277,-0.7371956518604816
-0.10658394170923549,-0.3152847586864861,-0.1794437866936837,0.0022285775642170535,-0.002820716742722869,0.6755728834571159,-0.7372844472362989
-0.12026782087945878,-0.3303365822574017,-0.17924525439802744,0.0024228495956809277,-0.002471880073541317,0.7044116182789122,-0.7097832708950123
-0.11761652115615889,-0.37073867656558235,-0.17915946583674797,-0.00204472722181929,-0.0026568288806888022,-0.6427320363870049,-0.7660837354706735
-0.11568992996101013,-0.3313221829428977,-0.17913174287333714,0.002292281405701603,-0.0022720934455415587,0.6671011307311975,-0.7449601763950138
-0.12909479894799722,-0.370403801341179,-0.17887203812802102,-0.0017813610550322266,-0.0026229330608225497,-0.6726338029061459,-0.7399687251248981
-0.1195133894747723,-0.3447868592739123,-0.17882625792885404,-0.0016671565073579566,-0.00268912985819922,-0.6924324916841167,-0.7214757332231698
-0.11774508920602078,-0.3784119444234101,-0.1786385104295031,-0.0013144188296151692,-0.002867331770996554,-0.6584158772230935,-0.7526477152906258
-0.12286365265611071,-0.3436418119009431,-0.17983211813914848,0.0016083603795972047,-0.002815244666314956,0.7014965211864204,-0.712665502418708
-0.12519596530432803,-0.3447112954545434,-0.1797220673992675,0.0016416388147167584,-0.002764254127595818,0.6918609143107848,-0.7220236416975311
-0.11911251781877052,-0.36993765472543483,-0.17959395383571344,0.0016316461061915322,-0.0028090712216427022,0.6146586781630685,-0.7887865086375937
-0.12040831943931957,-0.3446679118412196,-0.17935465350699845,-0.002318809541640224,-0.002262789911512405,-0.672227095926127,-0.7403379190659172
-0.12020491748553919,-0.3289661120727202,-0.17928553982431722,0.0022542354483531734,-0.0023604031750755817,0.7038400888490663,-0.7103509528735305
-0.1168652917102479,-0.3695950362820889,-0.17919530784227203,-0.002131533340876209,-0.0025963592621033745,-0.6534644821315436,-0.7569497249334021
-0.10187755317373626,-0.38462954530076177,-0.17919386822145944,-0.002045288901932271,-0.0026319312534449743,-0.6534154777812988,-0.7569921420510398
-0.12098523323787697,-0.37797760712963313,-0.17888175173999357,0.002698962342443722,-0.0021879645084673764,0.6927858124172874,-0.7211350404237077
-0.12146557303269595,-0.37858137625875454,-0.17875839173046593,-0.0018494673348825592,-0.00295395440766043,-0.6636951515140148,-0.7479950531124681
-0.1178932024798412,-0.3460520038636291,-0.17873316592878988,0.0029475220735544153,-0.002025664414077579,0.6992469251217277,-0.7148712796756602
