x,y,z,r,p,y,w
0.010644931135506467,0.06971669164197199,-0.4,0.0,0.0,0.6961643019931684,0.7178824866441336
0.010644931135506467,0.06971669164197199,-0.4,0.0,0.0,0.6961643019931684,0.7178824866441336
0.01319548508216595,0.04699291360789332,-0.4,0.0,0.0,0.6700029354320757,0.742358448805159
0.01120580212823276,0.046520954000538794,-0.4,0.0,0.0,-0.6986147987023319,0.715497982550685
0.01120580212823276,0.046520954000538794,-0.4,0.0,0.0,-0.6986147987023319,0.715497982550685
0.01394914298221983,-0.02943658236799569,-0.4,0.0,0.0,0.6815919249823069,0.731732497432575
0.013448275862068966,-0.017586206896551725,-0.4,0.0,0.0,-0.6904886189923347,0.7233432567198359
0.013224781957165949,-0.05913490032327586,-0.4,0.0,0.0,-0.5670379753521446,0.8236916501388979
0.013224781957165949,-0.05913490032327586,-0.4,0.0,0.0,-0.5670379753521446,0.8236916501388979
0.013224781957165949,-0.05913490032327586,-0.4,0.0,0.0,-0.5670379753521446,0.8236916501388979
0.08039641281654096,-0.005175360317887932,-0.4,0.0,0.0,-0.6920434027453923,0.7218558919317475
0.0710344827586207,0.017586206896551725,-0.4,0.0,0.0,0.6969454694366194,0.717124126376857
0.060462478111530174,-0.03887886836610992,-0.4,0.0,0.0,-0.6484480934062918,0.7612588719730924
0.042413793103448276,-0.035862068965517246,-0.4,0.0,0.0,-0.6550787575275163,0.7555606007701867
0.021014656856142244,-0.0034650710533405175,-0.4,0.0,0.0,-0.6960031005959407,0.7180387760844373
0.013818948679956897,-0.002584912530307112,-0.4,0.0,0.0,0.6946221372061108,0.7193747886207961
-0.004168048727101294,0.017623680377828667,-0.4,0.0,0.0,-0.6994650531713081,0.7146668030572422
-0.004168048727101294,0.017623680377828667,-0.4,0.0,0.0,-0.6994650531713081,0.7146668030572422
-0.004168048727101294,0.017623680377828667,-0.4,0.0,0.0,-0.6994650531713081,0.7146668030572422
-0.0476373291015625,-0.03121403135102371,-0.4,0.0,0.0,-0.6519498718987937,0.7582620685034605
0.08567915291621768,0.0703399026804957,-0.4,0.0,0.0,-0.6997625832130341,0.7143754804967913
0.07021852690598061,0.05563332393251617,-0.4,0.0,0.0,0.6989169647899125,0.7152028218127052
0.05451081374595906,0.05450870908539871,-0.4,0.0,0.0,-0.6771280710118053,0.7358651883652546
0.05451081374595906,0.05450870908539871,-0.4,0.0,0.0,-0.6771280710118053,0.7358651883652546
0.025517220332704742,0.024827596730199356,-0.4,0.0,0.0,-0.7059653248725956,0.708246397857081
0.012758620689655173,-0.030344827586206897,-0.4,0.0,0.0,0.640995999214915,0.767544219566842
-0.00037898622710129317,-0.005858659415409483,-0.4,0.0,0.0,-0.6688029033075564,0.7434397598510476
-0.02916026148302802,-0.05956766062769397,-0.4,0.0,0.0,0.6709223939884399,0.741527572814943
-0.03455174939385776,-0.048758587015086216,-0.4,0.0,0.0,0.6908138951523273,0.7230326149382678
-0.04809963884024785,-0.09714132374730605,-0.4,0.0,0.0,0.65672339162208,0.7541315448225144
0.08206896551724138,-0.07931034482758621,-0.4,0.0,0.0,-0.7030961330334519,0.7110948092296882
0.06473542312095905,-0.0652520541487069,-0.4,0.0,0.0,-0.6935381979799715,0.7204198553223625
0.055874928441540954,-0.07519516517376078,-0.4,0.0,0.0,-0.6164773206960682,0.7873726646686415
0.0397839565934806,-0.03466864224137931,-0.4,0.0,0.0,0.6705236498137015,0.7418881553445321
0.02517241379310345,-0.003793103448275862,-0.4,0.0,0.0,-0.7054449716522763,0.7087646943595026
0.013514677902747844,-0.029269009294181036,-0.4,0.0,0.0,0.6517523806938477,0.7584318257166572
0.013514677902747844,-0.029269009294181036,-0.4,0.0,0.0,0.6517523806938477,0.7584318257166572
-0.0203448275862069,-0.007241379310344828,-0.4,0.0,0.0,-0.6943770051027691,0.7196114054019078
-0.03572890709186423,0.007329027899380389,-0.4,0.0,0.0,0.6621017527803503,0.7494139503406564
-0.04686299291150323,0.05498629865975216,-0.4,0.0,0.0,-0.7007573200448405,0.7133997325508141
