x,y,z,r,p,y,w
0.008372002963362069,0.06260956862877155,-0.4,0.0,0.0,-0.053040946206324664,0.9985923382569775
0.00810344827586207,0.05741378258014548,-0.4,0.0,0.0,-0.49555907909076063,0.8685742335176178
0.008965517241379312,0.042413793103448276,-0.4,0.0,0.0,-0.15765363007932948,0.9874944723505089
0.007586206896551724,0.02793103448275862,-0.4,0.0,0.0,0.12042565225235602,0.9927223490380352
0.007586206896551724,0.01310344827586207,-0.4,0.0,0.0,-0.48495312320453315,0.8745401467595235
0.007586206896551724,-0.001724137931034483,-0.4,0.0,0.0,0.3069500977134622,0.9517256104117909
0.007586206896551724,-0.016551724137931035,-0.4,0.0,0.0,0.615932228229104,0.7877991433282541
0.007586206896551724,-0.03103448275862069,-0.4,0.0,0.0,-0.5184365084962184,0.8551161246627562
0.007586206896551724,-0.04551724137931035,-0.4,0.0,0.0,0.026288501930409568,0.9996543976126223
0.007586206896551724,-0.060689655172413794,-0.4,0.0,0.0,-0.5331180390031415,0.8460408716424077
0.08280641753098061,-0.0006525394834321121,-0.4,0.0,0.0,-0.6459356302927244,0.7633918793898327
0.06706900761045259,-0.0015517451845366381,-0.4,0.0,0.0,-0.6731340572006563,0.7395204804713548
0.05241379310344828,-0.0013793103448275863,-0.4,0.0,0.0,0.3558131273197193,0.9345571242181835
0.03724137931034483,-0.001724137931034483,-0.4,0.0,0.0,-0.19907391773230526,0.9799844770600764
0.022758620689655173,-0.001724137931034483,-0.4,0.0,0.0,-0.3360287926304213,0.9418517136595024
0.007586206896551724,-0.0013793103448275863,-0.4,0.0,0.0,0.43285782646291276,0.901462202241338
-0.007241379310344828,-0.001724137931034483,-0.4,0.0,0.0,0.0008695642311188822,0.9999996219289525
-0.02206896551724138,-0.0013793103448275863,-0.4,0.0,0.0,0.49344197146387286,0.8697787194441161
-0.03682758199757544,-0.0015172497979525862,-0.4,0.0,0.0,0.0027239222048468497,0.9999962901170294
-0.05172413793103448,-0.0013793103448275863,-0.4,0.0,0.0,0.521283377885567,0.8533836417111669
-0.05172413793103448,-0.0013793103448275863,-0.4,0.0,0.0,0.521283377885567,0.8533836417111669
0.06686548693426725,0.057244199555495694,-0.4,0.0,0.0,0.5814453107060106,0.8135854906879737
0.05241379310344828,0.04275862068965518,-0.4,0.0,0.0,-0.4949691748024187,0.8689105339420237
0.03758620689655173,0.02793103448275862,-0.4,0.0,0.0,0.5343230198617787,0.8452803738676234
0.022758620689655173,0.01310344827586207,-0.4,0.0,0.0,0.477836998173748,0.8784485205043615
0.007586206896551724,-0.001724137931034483,-0.4,0.0,0.0,0.2924714343838183,0.9562742598593104
-0.007241379310344828,-0.016551724137931035,-0.4,0.0,0.0,0.010433078805853549,0.9999455739522181
-0.02206896551724138,-0.03103448275862069,-0.4,0.0,0.0,-0.4729509066773869,0.8810887809256441
-0.03724137931034483,-0.04551724137931035,-0.4,0.0,0.0,-0.22442819347892135,0.9744906289810015
-0.05241379310344828,-0.060000000000000005,-0.4,0.0,0.0,0.32656939929582507,0.9451732261567527
0.08172413793103449,-0.07482758620689656,-0.4,0.0,0.0,0.21285972331411057,0.977082769365339
0.06503451643318967,-0.06006899077316811,-0.4,0.0,0.0,0.6053103555963999,0.7959895560921386
0.05241379310344828,-0.04586206896551725,-0.4,0.0,0.0,0.06060893976567107,0.9981615883315093
0.03702070565059267,-0.031213778791756467,-0.4,0.0,0.0,-0.45460017110284834,0.8906956182856526
0.022758620689655173,-0.01620689655172414,-0.4,0.0,0.0,-0.3229889141798386,0.9464027479445148
0.007586206896551724,-0.0013793103448275863,-0.4,0.0,0.0,0.5944279177466223,0.804148898279053
-0.007241379310344828,0.013103427229256465,-0.4,0.0,0.0,-0.060534527533499215,0.9981661039006965
-0.02206896551724138,0.02793103448275862,-0.4,0.0,0.0,-0.0008090606942806809,0.999999672710343
-0.02206896551724138,0.02793103448275862,-0.4,0.0,0.0,-0.0008090606942806809,0.999999672710343
-0.02206896551724138,0.02793103448275862,-0.4,0.0,0.0,-0.0008090606942806809,0.999999672710343
