x,y,z,r,p,y,w
0.5559966275958385,-0.12316400187161201,0.04671705628565684,0.003001991337909759,-0.0025289857226161254,-0.6700495551089529,-0.7423059921471171
0.5461990180550388,-0.1232549216261093,0.046717482980619035,0.0036875890939493225,-0.0008765555885727203,-0.26573266966496184,-0.9640393050128744
0.5462695322054112,-0.1221556930121312,0.04673413634722459,0.003052034590588844,-0.001988754681013681,-0.588496179330207,-0.8084917914570467
0.5457518173895272,-0.1232870690897493,0.04670071579949883,0.0022891910780436777,-0.0026676970803584713,-0.7884641550995929,-0.6150706618914454
0.5456309522239817,-0.12306792556395015,0.04667784736941971,0.003309860698949403,-0.0007698252210385276,-0.27760739938686907,-0.9606885988690314
0.5454631474901418,-0.12286912284438707,0.04666757606470939,0.0016436094553802644,-0.002850263610531997,-0.8910403227967195,-0.45391223567516514
0.5451844197233096,-0.1227706853004349,0.046624271994774286,0.00046793140332808533,-0.003242105736581724,-0.9928563329717839,-0.11927100179179179
0.5447681763580563,-0.12257486898261892,0.046664372223444606,0.003125856248044428,-0.000624748729818791,-0.24023869868228637,-0.9707086104321843
0.5442873888249706,-0.12246262545563981,0.046629421233738005,0.0023037838590995526,-0.002197452377558255,-0.727055730603779,-0.6865710657893938
0.5443757916484162,-0.12237063327518405,0.046620836060305676,0.0031059057264823465,-0.0006119193185158635,-0.22351976068791024,-0.9746942574399344
0.5433158066547824,-0.1230090430558788,0.046124742166963634,0.003471963109565061,-0.0009626329449520733,-0.08512883039668445,-0.9963634382318893
0.5443635297780819,-0.12358293062043255,0.046215122809105696,0.003416766111604435,-0.0007273416852935381,-0.04912191202343391,-0.9987866811499714
0.544430195407326,-0.12322487466212999,0.046332334053655694,0.001062901599883584,-0.003301493628833394,-0.9133293044701508,-0.40720701366268114
0.5450538327879357,-0.12333785278828957,0.0464416322377281,0.002743092047488185,-0.0020359175556582784,-0.5540575476284267,-0.8324713595083616
0.5452228557388834,-0.12276569193070894,0.04654280903878125,0.00301011364342776,-0.0014524972263566787,-0.43037844388503366,-0.9026423569203688
0.5451464117763616,-0.12287396468820122,0.046660200713328354,0.001268327784055958,-0.003094873598911086,-0.9442605359779879,-0.3291820974728165
0.5456246743573969,-0.12262987740069392,0.046753095515888715,0.0025103992333018552,-0.002105981788889005,-0.7093166297311664,-0.7048823884331443
0.545508072062748,-0.12245853243438391,0.04691437437658599,0.0013509891605441278,-0.00298771777107613,-0.9645326104651447,-0.2639433494523063
0.5457652730693597,-0.12217926155943283,0.046943821597438956,0.002660380716963207,-0.001880439431024842,-0.7106161419154728,-0.7035723737975755
0.5458477673401595,-0.12201681599693084,0.04705550477543646,0.0014725780190377627,-0.002901301152474201,-0.9725641193347703,-0.23261222613651045
0.619336814881065,-0.2584762724938905,0.04723571344708774,0.00031581579327509893,-0.0043381933938016655,-0.972420269273077,-0.23319498331940847
0.5455249689962921,-0.12482510522486388,0.04632528934727975,0.0001627109117411157,-0.004088209320962969,-0.9867371937604741,-0.16227436802961726
0.545244486791046,-0.1239325677102637,0.04639360124122019,0.003583826610938294,-0.001345124894150502,-0.26634731461034267,-0.9638695216810733
0.5452972025854542,-0.1233887941654153,0.0464792200452577,0.0005858566409079869,-0.0035606267442499983,-0.9759948807962429,-0.21776356758813448
0.5453878302243608,-0.12290973974678905,0.0465470046595097,0.0009363805200322307,-0.0032939109269533454,-0.9596635100783408,-0.28113025587162516
0.5453800137690625,-0.12289133156063606,0.04664330408019224,0.001633053584237004,-0.0028966753455570843,-0.8840600132518481,-0.46736156814299057
0.5454146216688324,-0.12249779364191803,0.04673246266073097,0.0024344461220643355,-0.0021368811148749197,-0.7160744975653135,-0.6980163473356223
0.5451512087236033,-0.12211370929377292,0.04686022500044984,0.0031158654461891215,-0.0004679618374880739,-0.29085262265892486,-0.9567626791878249
0.544874654585066,-0.12217024947586595,0.04697540073168807,0.002962178432630403,-0.001069971435519286,-0.5323245131368467,-0.8465345198948948
0.5446452496159744,-0.12223522274060458,0.04714408815976173,0.002175006962516739,-0.002302514445673104,-0.9002387439424954,-0.4353850843526671
0.5424850147575496,-0.12318374119921285,0.04597366615655943,0.0009960870521358584,-0.003062090578959234,-0.842665110145055,-0.5384284015132311
0.5429854937805818,-0.12495745643243955,0.04616984931353654,-0.0001499986279627939,-0.0032197505778593875,-0.9911770712795238,-0.13250518509241238
0.5439200944722257,-0.12267392380958776,0.04624000451131943,0.0017800859842224148,-0.002681894597439683,-0.7501988754414073,-0.6612044207517859
0.5445893533824882,-0.12318942591448603,0.0464803407772795,0.003042049461162171,-0.0011394702979328794,-0.3105877471881762,-0.9505391621806488
0.544798755878956,-0.12255014894044484,0.04654058444811707,0.002937889256430886,-0.0014193765544809832,-0.44288365323070933,-0.8965731558985763
0.5450836845128624,-0.1228858030973876,0.04663463662993375,0.0006073026194033039,-0.0032634457842584006,-0.9892724067704468,-0.14604480924616675
0.5457275196824904,-0.12282823551179284,0.04674891950375912,0.002666414558281835,-0.0020512937877660937,-0.6646900632556078,-0.7471116397409804
0.546177960638244,-0.12277744204462901,0.04690166481354188,0.002735544237743517,-0.0020529693457159944,-0.7081096774248922,-0.7060941770414229
0.5612305013079673,-0.10793294324327324,0.0469156276569937,0.002865292051607202,-0.0020381386073651335,-0.7080625947006532,-0.7061409194192432
0.5763312934985028,-0.09301245424143417,0.04690904489797296,0.0029993717078765515,-0.0020080114339055266,-0.7080626317056887,-0.7061404118455858
