x,y,z,r,p,y,w
-0.1231640018715377,-0.35268662759586444,-0.17905964371434316,0.0003344654781138555,-0.003910991386085055,0.05109301661395965,-0.9986861849112099
-0.12325492162603713,-0.34288901805506466,-0.17905921701938096,0.0019877008537947266,-0.003227337655327649,0.49377735720197913,-0.8695801026079212
-0.12215569301205892,-0.34295953220543696,-0.1790425636527754,0.000751852434360392,-0.0035643762764824634,0.1555603891660699,-0.9878196673797182
-0.12328706908967718,-0.34244181738955315,-0.17907598420050116,-0.00026764416095623254,-0.003505049230389485,-0.12260771486120914,-0.9924489867257703
-0.12306792556387808,-0.3423209522240076,-0.17909885263058029,0.0017960763108854968,-0.0028847735791345556,0.48301134825478553,-0.8756074974829633
-0.122869122844315,-0.3421531474901677,-0.1791091239352906,-0.0008532333356543798,-0.003177648118698231,-0.3090962346508551,-0.9510250744696336
-0.12277068530036292,-0.34187441972333543,-0.1791524280052257,-0.0019616374832370407,-0.0026233924200843766,-0.6177181116225511,-0.786392779954181
-0.12257486898254702,-0.34145817635808207,-0.1791123277765554,0.0017685500866142837,-0.002652078213398917,0.5165202280510016,-0.8562690539344989
-0.12246262545556799,-0.3409773888249964,-0.179147278766262,7.518771165179869e-05,-0.003182854666663343,-0.028626981024421516,-0.9995850937966244
-0.12237063327511222,-0.341065791648442,-0.17915586393969432,0.001763514701260456,-0.00262889930058323,0.5311605805076594,-0.8472652575310357
-0.1230090430558072,-0.3400058066548083,-0.17965195783303636,0.0017743643756341291,-0.0031357329419719874,0.6443401704520572,-0.7647305169481556
-0.12358293062036071,-0.3410535297781079,-0.1795615771908943,0.001901710249333484,-0.0029303267251544005,0.6715143981032536,-0.7409832722966406
-0.12322487466205817,-0.34112019540735183,-0.1794443659463443,-0.001582923603980238,-0.0030860934620041552,-0.3578825039397299,-0.9337601853548039
-0.12333785278821763,-0.3417438327879617,-0.1793350677622719,0.0005000478786554336,-0.003379270097740443,0.19686829435619452,-0.9804239925476166
-0.12276569193063694,-0.3419128557389093,-0.17923389096121875,0.0011014011309987872,-0.0031555424078212576,0.3339410154168802,-0.9425880477122572
-0.12287396468812928,-0.34183641177638746,-0.17911649928667164,-0.0012915629318316444,-0.003085249285578655,-0.4349261348287343,-0.900459921565073
-0.12262987740062184,-0.3423146743574227,-0.17902360448411128,0.00028596631737480365,-0.0032642743253320132,-0.0031354820913541137,-0.9999897156913413
-0.12245853243431187,-0.34219807206277375,-0.178862325623414,-0.0011573418994688914,-0.0030679290929298848,-0.4953914172887416,-0.8686636817822309
-0.12217926155936071,-0.3424552730693855,-0.17883287840256104,0.0005515017722147121,-0.0032108447187907934,-0.004980696201376034,-0.9999822893368344
-0.12201681599685871,-0.34253776734018515,-0.17872119522456353,-0.0010102598160906726,-0.0030927996222668143,-0.5232250014324032,-0.8521883664083088
-0.25847627249380284,-0.41602681488111937,-0.17854098655291226,-0.0028442504778248626,-0.003290881455886771,-0.5227112125224934,-0.8524987206100239
-0.12482510522479182,-0.3422149689963183,-0.17945141065272024,-0.0027757465446974607,-0.003005854522828447,-0.5829832549105971,-0.8124738670034579
-0.1239325677101917,-0.3419344867910721,-0.1793830987587798,0.0015830011649949805,-0.0034852950333877607,0.4932226826478292,-0.869894667271573
-0.12338879416534326,-0.3419872025854802,-0.1792974799547423,-0.002103480112543834,-0.002932006519722784,-0.5361505032775233,-0.8441146939512679
-0.12290973974671704,-0.34207783022438665,-0.1792296953404903,-0.001667025737587086,-0.002991267768559129,-0.47979546531023654,-0.8773736859571644
-0.12289133156056406,-0.3420700137690884,-0.17913339591980776,-0.0008935155162839805,-0.003203002043194377,-0.29465029624646416,-0.9555993644461072
-0.12249779364184599,-0.34210462166885813,-0.17904423733926902,0.00021041023442779994,-0.0032324164882624887,-0.012769040483205263,-0.9999132256432648
-0.12211370929370088,-0.341841208723629,-0.17891647499955016,0.0018723505976411079,-0.0025341485748893123,0.47086951663180954,-0.8821972402479877
-0.12217024947579405,-0.3415646545850918,-0.17880129926831193,0.0013379923990662049,-0.002851160514528948,0.2221800264951841,-0.9750005725570935
-0.12223522274053272,-0.34133524961600015,-0.17863261184023826,-9.016140599156183e-05,-0.0031660857506389875,-0.3287011749554499,-0.9444286661018118
-0.12318374119914141,-0.3391750147575755,-0.17980303384344057,-0.0014608851037718295,-0.002869564922207053,-0.2151278397595413,-0.9765805875462936
-0.12495745643236797,-0.33967549378060813,-0.17960685068646345,-0.002382772514334619,-0.002170642420332759,-0.6071727135372336,-0.7945633433795327
-0.12267392380951606,-0.34061009447225155,-0.17953669548868056,-0.0006376749857380346,-0.0031550967268160323,-0.06292858239913535,-0.9980128417272456
-0.12318942591441415,-0.34127935338251414,-0.1792963592227205,0.0013453266280639706,-0.002956780977321507,0.45251398517100994,-0.8917513895515763
-0.12255014894037292,-0.34148875587898175,-0.17923611555188293,0.0010737506288670071,-0.0030810522023279707,0.3208069238895013,-0.9471389928418468
-0.12288580309731564,-0.34177368451288814,-0.17914206337006625,-0.0018781768436710487,-0.0027370324444963927,-0.5962519522931438,-0.8027905022431171
-0.12282823551172076,-0.3424175196825163,-0.17902778049624088,0.00043495606808072597,-0.003335923563150816,0.0582808556487876,-0.9982945578796096
-0.12277744204455682,-0.34286796063826985,-0.17887503518645811,0.0004826533348206933,-0.0033859904266680648,-0.0014251739887405912,-0.9999931354732845
-0.10793294324319788,-0.3579205013079899,-0.1788610723430063,0.0005848858095057405,-0.0034672490700372984,-0.001358829622828961,-0.999992894812024
-0.0930124542413556,-0.3730212934985223,-0.17886765510202704,0.000700997572324238,-0.003540754575553233,-0.0013592146981155073,-0.9999925620697605
