x,y,z,r,p,y,w
0.5438409818791161,-0.13305801426380381,0.04682243872858469,0.00016211254400411807,-0.003963808267602382,-0.9999920227258873,0.00046521836718282916
0.5440137753610556,-0.12684790441413946,0.04678458175455605,0.003844970769427386,0.00013530392832896776,-0.007869124351643775,-0.9999616366514106
0.5438865873064946,-0.12500861704324734,0.04676945997137849,0.0037013258422393027,0.00015057871463969395,-0.015552227993745338,-0.9998721946916476
0.5440816997467589,-0.13169908194614274,0.046775378102058424,0.00022063857976056247,-0.0035926564430229105,-0.9999587789923146,-0.00833573359087586
0.544621755238518,-0.12917269800700754,0.04673117827002618,0.00019293291218361536,-0.0034354714904242245,-0.9999939325045673,0.0005433843769653279
0.543872133574918,-0.12552470137606106,0.04670616909455172,0.0033349126142088736,0.00014974681616220496,-0.01810803649139786,-0.9998304631027068
0.5438509697321203,-0.11933720050534193,0.04664408497877487,0.00014611393714177219,-0.0032736056874474104,-0.9999933715084015,-0.0015871659588143072
0.5448099549691776,-0.12612274354550934,0.04673760755501494,0.00018791723402636264,-0.0032638581074881058,-0.9999939626130203,0.0011775631101914596
0.5449644586627256,-0.1288156385268186,0.04669593421211757,0.003192744034586279,0.00013272525752527865,-0.008108552019648052,-0.9999620193555754
0.5451378698016576,-0.12963131884799203,0.04668407249464904,0.003199549711776216,5.6452882637991796e-05,-0.02213323193752459,-0.9997499085965016
0.5437935506353162,-0.12788501591964346,0.04616464112377183,0.003546510159464095,-0.0006449068751857325,-0.004176248597899501,-0.9999847825384445
0.5436528783832167,-0.12977590859388352,0.046307176485996054,-0.00040318257830024664,-0.0035750810735147402,-0.999936221520507,-0.010705565394623973
0.5442184870193757,-0.12914268287884823,0.04640190652404333,0.003464849730559937,-0.00034071217370033077,-0.009951117215607763,-0.9999444254545955
0.5436184520575936,-0.11899251345583309,0.04643792500949798,-7.786729844191063e-05,-0.003470557769606631,-0.9999027261864322,-0.013508787154780266
0.5436569826961477,-0.12531541733008444,0.046599107640835385,0.0034271597734302607,3.309003411087661e-05,-0.005602607467176779,-0.999978431902661
0.5448114870327981,-0.12911530345573083,0.04672887049801891,0.003371870318404174,0.0001526904328032104,-0.00921820779772653,-0.9999518147496835
0.5447109255285125,-0.1317037798528552,0.04690272603480311,0.0033373083861028283,0.00036451749905976353,-0.011001374900531047,-0.9999338474369324
0.5441454418121742,-0.11984442526161025,0.04689932991699211,0.003245117142870536,0.0004942987872851481,-0.017249185787964916,-0.9998458333528679
0.5447001955043294,-0.1322981281511577,0.04704788914129751,0.003244727804698919,0.0005514203092918579,-0.01991841189379323,-0.9997961915034211
0.544949737279445,-0.13214979937323568,0.047183801864241315,0.0031840937621270366,0.0008286432164531317,-0.01200738632106485,-0.9999224957820834
0.5439094084166186,-0.1267921309311541,0.046254287480066714,0.0043419688172340026,-0.0006140113930473072,-0.0047148498564054675,-0.9999792700289494
0.52905857082025,-0.11146227291569964,0.046238439944944865,0.004051050791050822,-0.0004782874577122457,-0.0049186923906262,-0.9999795831384568
0.5438630715759386,-0.1270100285492724,0.04640817557913207,0.0038342523382730127,-0.0003786416355281649,-0.005623101616548276,-0.9999767676639932
0.5440151494069907,-0.13272131345592028,0.046573052155773925,-0.00015781361334192166,-0.0036742556039613948,-0.9999906047566949,-0.002294632641553551
0.5428207106586254,-0.11969307217300028,0.04657797741769337,8.864002813180902e-05,-0.0035131771407353133,-0.9998935464446532,-0.014161409098556066
0.5445192877507644,-0.13157913554645534,0.04675091701735437,0.0002237746916224823,-0.003371437748312795,-0.9999910980360474,-0.0025272872921119904
0.5440932366407699,-0.12916244868549354,0.046808210970873065,0.0032515838819887717,0.0002584545599393121,-0.008287175152924042,-0.9999603407793154
0.5451937206711733,-0.12941208958981965,0.046928539397791735,0.0031500528728696285,0.00047188466460704247,-0.005187131132925349,-0.9999814739095771
0.5453190181664473,-0.1320211481636483,0.04706117983771688,0.003118777088432168,0.0006797943007980326,-0.009329653222853618,-0.9999513831581628
0.5460828619650193,-0.13230447441900606,0.04726517812945777,0.003065822067024652,0.0009944035134204462,-0.006939970488099856,-0.9999707239246212
0.5421662075643694,-0.13671610596930173,0.04607002406546404,0.003160314510731905,-0.0008542819082317371,-0.018232678723355433,-0.9998284112992516
0.5445994675703522,-0.12732339909196433,0.04615116050288062,0.003213468591287699,-0.0006514959095920796,-0.010114352621971301,-0.9999434729242103
0.5447198422688626,-0.12794034341104438,0.04632973594448056,0.00327330954357403,-0.00035440983251982193,-0.0025951714392595804,-0.9999912124231409
0.544718617595179,-0.12633596878353237,0.046453420778533844,0.003262793557067383,-0.00027134061944833997,-0.020098083859750593,-0.9997926522922835
0.5444215876965495,-0.12520057422946798,0.046577299208637596,0.0033439660962400588,-1.470263153512813e-05,-0.004903883056544378,-0.9999823846476238
0.5447823629265325,-0.131539506989676,0.046728790655456015,0.0033525489944648446,0.0001460010269134994,-0.0054744631305712055,-0.999979384463686
0.5440008674976351,-0.12225430848335121,0.04674652660123704,0.003404581031750485,0.00021517302261272195,-0.0076870911916528395,-0.9999646349534475
0.5445196928448821,-0.13209433977337487,0.046987377658071844,0.0034575890999562846,0.00044515006488383686,-0.012318637509487751,-0.999918045686218
0.5446535192437498,-0.1271306854020668,0.04706509722277408,0.00351531476212588,0.0005762726127905261,-0.024143374762831904,-0.9997021596090804
0.5447626688713723,-0.13261267361258045,0.04718125398020548,0.0036010587238253155,0.000667519814106675,-0.019381916030854984,-0.9998054451363716
