x,y,z,r,p,y,w
-0.13305801426373207,-0.3405309818791441,-0.1789542612714153,-0.002688204826163924,-0.002917466584525943,-0.7074300994641689,-0.706772181339685
-0.12684790441406765,-0.3407037753610823,-0.17899211824544395,0.0028144792297690297,-0.0026231305792832737,0.7015153430114884,-0.7126439653937323
-0.12500861704317562,-0.34057658730652096,-0.1790072400286215,0.0027237078326527663,-0.002510757372204052,0.6960193233093277,-0.7180134950633497
-0.131699081946071,-0.34077169974678656,-0.17900132189794157,-0.0023843766973946946,-0.002696406769275355,-0.701183379784288,-0.7129718872806848
-0.12917269800693562,-0.3413117552385452,-0.17904552172997382,-0.002292821016932651,-0.002565669357971369,-0.7074867215971996,-0.7067182600415647
-0.12552470137598934,-0.34056213357494447,-0.17907053090544828,0.0024640263133412785,-0.002252252335002001,0.6941825850996935,-0.7197912158939241
-0.11933720050527022,-0.3405409697321454,-0.17913261502122513,-0.002211470624745847,-0.002418106936303958,-0.7059797983229177,-0.7082243899474608
-0.12612274354543745,-0.34149995496920416,-0.17903909244498506,-0.0021750186501534137,-0.00244077375111762,-0.7079351749698394,-0.7062698492487075
-0.12881563852674666,-0.3416544586627527,-0.17908076578788243,0.002351461887079938,-0.002163760027817752,0.701346312696549,-0.7128135369340919
-0.12963131884792006,-0.3418278698016849,-0.17909262750535096,0.002302341514071512,-0.002222505081809331,0.6912793814665429,-0.7225804982518884
-0.12788501591957177,-0.3404835506353431,-0.17961205887622816,0.0020517433586267,-0.0029637794079814873,0.7041429671127188,-0.7100490745198588
-0.1297759085938118,-0.34034287838324406,-0.17946952351400394,-0.0028130572055460996,-0.0022428709352018705,-0.6994917051043048,-0.7146316608781053
-0.12914268287877645,-0.3409084870194029,-0.17937479347595667,0.002209098851815284,-0.002690938628727394,0.7000309815850171,-0.7141039865122428
-0.11899251345576142,-0.3403084520576186,-0.17933877499050202,-0.0025091154281492076,-0.002398994438627821,-0.6974858432106664,-0.7165901532160193
-0.12531541733001278,-0.34034698269617414,-0.1791775923591646,0.002446766103512037,-0.0023999697284925363,0.7031298885062199,-0.711053171971103
-0.1291153034556589,-0.34150148703282535,-0.1790478295019811,0.002492240807882933,-0.002276303926967513,0.7005544518250614,-0.7135909663135285
-0.13170377985278334,-0.3414009255285403,-0.1788739739651969,0.0026175861861705836,-0.0021020805952774472,0.6992808574659932,-0.7148391510552241
-0.11984442526153849,-0.3408354418121994,-0.17887737008300789,0.00264416636189029,-0.001945122313046577,0.6948007526642354,-0.7191947851456174
-0.13229812815108583,-0.34139019550435723,-0.17872881085870249,0.002684282073791602,-0.0019044559938226065,0.6928782226959094,-0.7210471109371941
-0.1321497993731638,-0.3416397372794727,-0.17859289813575868,0.0028374335286722304,-0.001665555053595273,0.6985614731364612,-0.7155424817205132
-0.12679213093108235,-0.34059940841664527,-0.17952241251993328,0.002636063974617516,-0.003504407214115968,0.7037582205776284,-0.7104260251892587
-0.11146227291563099,-0.32574857082027353,-0.17953826005505513,0.0025263251805786977,-0.0032027257899877007,0.7036143035412425,-0.7105703850293563
-0.12701002854920068,-0.34055307157596537,-0.17936852442086793,0.0024434857610520066,-0.0029789658972944966,0.7031142201597771,-0.7110664867286506
-0.13272131345584853,-0.3407051494070187,-0.17920364784422607,-0.002709682129531139,-0.0024864999772164363,-0.7054775874451957,-0.7087226880473958
-0.11969307217292877,-0.33951071065865057,-0.17919872258230662,-0.0024215134147466694,-0.0025468693447003293,-0.69701787875101,-0.7170451355603529
-0.1315791355463835,-0.34120928775079207,-0.17902578298264563,-0.0022257338922758284,-0.0025421990960847025,-0.7053134245652865,-0.7088875485296555
-0.1291624486854218,-0.3407832366407971,-0.17896848902912693,0.0024819719845130344,-0.002116462040589205,0.7012188201350766,-0.7129386556302519
-0.1294120895897477,-0.34188372067120065,-0.17884816060220826,0.0025610965937840585,-0.0018937509012204308,0.7034258256633105,-0.71076153686145
-0.1320211481635763,-0.3420090181664751,-0.17871552016228312,0.002685995588146061,-0.0017246212683330836,0.7004753428279307,-0.713669464948077
-0.13230447441893387,-0.3427728619650471,-0.17851152187054223,0.002871013041079969,-0.0014647141059288618,0.7021787796816756,-0.7119933800685644
-0.13671610596923042,-0.33885620756439816,-0.17970667593453596,0.00163061129086543,-0.0028387483515762498,0.6940929988881173,-0.7198779004172268
-0.1273233990918925,-0.34128946757037903,-0.17962553949711937,0.0018115882564419445,-0.002732942607617181,0.6999148831815528,-0.7142187378343174
-0.12794034341097246,-0.3414098422688895,-0.17944696405551944,0.0020639737792901543,-0.0025651849710775767,0.7052655041082435,-0.7089356307544766
-0.12633596878346048,-0.3414086175952057,-0.17932327922146615,0.002115276657791107,-0.0024990102418371803,0.6927486728301963,-0.7211716556025162
-0.12520057422939615,-0.3411115876965759,-0.1791994007913624,0.0023541447722497263,-0.002374937433168781,0.7036267562879261,-0.7105618942149317
-0.13153950698960415,-0.34147236292656025,-0.17904790934454398,0.0024738484444372065,-0.0022673718120552375,0.7032211737979646,-0.7109632338040788
-0.12225430848327948,-0.34069086749766087,-0.17903017339876295,0.00255955263806796,-0.002255252031231729,0.7016461800130211,-0.7125173686316042
-0.13209433977330298,-0.3412096928449099,-0.17878932234192815,0.0027596533286609972,-0.002130116069610497,0.6983382386175117,-0.715759422853536
-0.12713068540199488,-0.3413435192437766,-0.17871160277722592,0.002893189178620874,-0.0020782166339878097,0.6898242322108142,-0.7239681202420162
-0.13261267361250856,-0.34145266887140024,-0.17859544601979452,0.003018340830199287,-0.002074325255936324,0.6932641258652814,-0.7206742943810418
