x,y,z,r,p,y,w
-0.0014037244073275862,0.07481592638739225,-0.4,0.0,0.0,0.7060654150074688,0.7081466159845226
0.004598956930226294,0.059621539938038794,-0.4,0.0,0.0,-0.7029695058923072,0.7112199897257708
0.0062068965517241385,0.04482758620689656,-0.4,0.0,0.0,-0.6975552726560291,0.7165309774111465
-0.0006896551724137932,0.029655172413793108,-0.4,0.0,0.0,0.699634723685882,0.7145007021780871
0.0015658043170797417,0.014134879276670259,-0.4,0.0,0.0,0.7059161108158619,0.7082954499999331
0.005003704202586208,-8.628055967133622e-05,-0.4,0.0,0.0,-0.6958076874707548,0.7182281406743962
0.01103448275862069,-0.015172413793103448,-0.4,0.0,0.0,0.7043619512177558,0.7098409974612031
0.004137931034482759,-0.03103448275862069,-0.4,0.0,0.0,0.7062918685137609,0.7079207557850951
0.0012794652478448276,-0.04619483684671336,-0.4,0.0,0.0,-0.702989630166605,0.7112000983395742
0.0003831534550107759,-0.06137992069639009,-0.4,0.0,0.0,-0.6929596476045491,0.7209763704808773
0.07794871363146552,-0.0010710301892510776,-0.4,0.0,0.0,-0.7056331931117261,0.7085773047303656
0.06103448275862069,-0.0006896551724137932,-0.4,0.0,0.0,0.6979232594069036,0.7161725518189342
0.046540653623383624,-0.0010734821188038794,-0.4,0.0,0.0,-0.7016276871649768,0.7125437450455414
0.04169789281384698,-0.0002636087351831897,-0.4,0.0,0.0,0.695909957543031,0.718129048982463
0.02029709388469828,-6.21716729525862e-05,-0.4,0.0,0.0,-0.7047397218292993,0.7094659431403044
0.0014187937769396552,-0.0010301471578663794,-0.4,0.0,0.0,-0.7021840197823824,0.7119955072626897
-0.01619578394396552,-0.0006788898336476293,-0.4,0.0,0.0,-0.700876292922346,0.7132828485386634
-0.01943329909752155,2.4803424703663794e-05,-0.4,0.0,0.0,-0.696408750764403,0.7176453524260877
-0.04689705684267242,-0.00036400104391163797,-0.4,0.0,0.0,-0.6944962978135847,0.7194962767959434
-0.06181016593143858,-0.00033586173221982765,-0.4,0.0,0.0,-0.7001781018031434,0.7139682246118149
0.08030469170932111,0.07370733853044181,-0.4,0.0,0.0,-0.704946444669624,0.7092605375654681
0.08030469170932111,0.07370733853044181,-0.4,0.0,0.0,-0.704946444669624,0.7092605375654681
0.04937840955010776,0.04413702603044182,-0.4,0.0,0.0,-0.7045548759445431,0.7096495098164793
0.028362847689924572,0.029281595164331896,-0.4,0.0,0.0,0.7039573900976093,0.7102422072271982
0.026123888739224138,0.015693517224542028,-0.4,0.0,0.0,0.6954319834947047,0.7185919261532381
-0.0010344827586206897,-0.0006896551724137932,-0.4,0.0,0.0,0.7036842522849945,0.7105128240124228
-0.013861210264008621,-0.015176054855872844,-0.4,0.0,0.0,-0.702885970074722,0.7113025467915303
-0.029295801623114227,-0.031034861597521553,-0.4,0.0,0.0,-0.7050750333415505,0.7091327078610967
-0.0470361328125,-0.045879285088900865,-0.4,0.0,0.0,-0.7021190108065625,0.7120596145436239
-0.062435292211072205,-0.06133452316810345,-0.4,0.0,0.0,-0.7038028559881934,0.7103953405695046
0.06829486715382543,-0.07443372002963362,-0.4,0.0,0.0,-0.6957343384580389,0.7182991927395957
0.06275904162176725,-0.06170302818561423,-0.4,0.0,0.0,-0.7015765979094262,0.7125940480146009
0.04726655105064655,-0.04655199774380388,-0.4,0.0,0.0,-0.706915434060757,0.7072980765467213
0.03393361058728448,-0.03142792800377155,-0.4,0.0,0.0,-0.6944219254404426,0.7195680575648064
0.020235932448814654,-0.015879453461745692,-0.4,0.0,0.0,-0.7052572809925344,0.7089514564531322
-0.001000639816810345,-0.0010139938880657329,-0.4,0.0,0.0,-0.704824403343716,0.709381815703768
-0.006580852640086207,0.014827986092403017,-0.4,0.0,0.0,-0.7032651699825865,0.7109276339328524
-0.031273740571120694,0.02962387611126078,-0.4,0.0,0.0,-0.6999360335488581,0.7142055369008923
-0.041150344322467676,0.044664011988146554,-0.4,0.0,0.0,-0.6914046810807054,0.722467692689222
-0.06144110317887932,0.059686889648437505,-0.4,0.0,0.0,-0.6948213655207764,0.7191823621417891
